0.75477856,0.6978153,-0.30963323,-1.4425033,-0.21702337,-0.42100474,-0.6716063,0.16046247,1.3321322,1.8636295,0.143297,0.59276634,-0.13686441,-0.99113315,2.3143125,-1.04679,1.4918114,-0.6821136,0.49899253,0.7053848
0.55247676,-1.2167338,0.11183298,-2.0251367,-1.3930024,-1.1062177,0.14395298,8.470815,1.0000567,-0.81002796,1.5631202,0.6794306,-2.7356677,1.2679012,-0.35547915,0.88418466,1.5579515,-1.0928575,2.7728467,2.8094127
4.98411,-1.9052101,-1.6690116,0.9168638,-2.6626384,-1.7476277,1.8706362,3.4774919,1.7212678,1.3149542,2.9286506,2.1709936,-1.3243902,-1.3921747,0.12771873,-0.018570878,1.7315706,-1.833405,1.4814692,0.7539514
4.5325923,-0.020302134,-0.5195853,1.8679777,-0.9027921,-0.32711738,0.2781118,0.8081036,1.5773591,0.9181542,2.8161206,-0.27950677,-0.6331584,-1.2854927,0.9880039,-0.7532535,0.9128794,0.077256,0.4164212,0.5686376
-0.010409994,0.2609149,-0.9614638,0.48247057,-1.6604621,-0.54289633,0.042136267,1.6987938,-0.8191456,0.95049006,1.6724733,0.7671903,-1.377697,-0.7391016,0.7416241,-0.64199173,-0.15554522,-0.7488616,0.84006983,-1.018911
2.911145,0.7252755,0.40134114,-0.32136756,-0.7302245,-0.37230667,-1.2093188,-0.63725585,0.8616248,0.53627795,2.8321059,0.95817137,-0.43349463,-1.5875133,-0.7744473,-1.1044996,0.7783469,-0.5940829,0.6943411,1.834572
4.5367084,0.6063921,-0.6310647,0.9359125,-1.3717055,-0.163765,0.4811316,0.87230116,1.6247841,0.50202346,2.0881195,-0.087331675,-0.3419278,-0.6168675,-0.2363954,-0.27500498,1.7981724,-0.63155884,1.0442041,1.6681545
1.5069871,0.13241492,2.2155902,0.35896984,0.17082769,-0.76426655,0.45790407,-0.29302952,0.6538334,0.9709855,1.1219786,-0.029517487,-0.3707756,-1.0875808,1.6398908,-0.38838333,1.0759325,0.17520414,0.85115194,3.5123618
-0.1888175,0.958779,-0.9318343,-0.37785342,-1.2701592,0.9047898,-0.48986492,1.7700791,0.27652353,1.184255,3.9010303,0.8895722,-0.64592916,-0.7717523,0.4557877,-0.71828777,0.2429256,-0.49239454,0.7437082,1.2078536
0.9927323,-1.9546943,1.6723914,0.7115236,-1.8536446,0.15583906,1.1315845,5.622755,-0.34355396,-1.1009609,3.1296003,-0.14872096,-1.2720283,0.4355383,0.5001613,-0.20031923,2.4220738,-1.4928757,2.672403,-0.0059408206
1.4260424,-2.2471402,1.2076422,0.5727565,-1.8515458,0.26281235,1.5129212,5.9040194,-0.9199122,-0.9654367,3.807748,0.07424377,-1.3878034,0.49482307,0.4549055,-0.5586329,2.5875504,-1.454007,2.6233315,-0.1930492
-0.010909043,-0.5123492,-0.76600987,-0.09330741,-1.8139287,1.2940991,1.1871403,7.553751,1.6529422,-0.794593,2.2724526,2.66304,-1.3523406,0.51433355,-0.6954165,-0.7844184,2.2403271,-1.2225014,1.8736418,0.062403
2.6683385,-0.51917136,-0.94098866,0.44634452,-1.0529187,-0.66977376,1.183542,2.1196573,0.3859423,0.31905875,2.7410269,2.4492798,-0.40725145,-0.8561337,0.45818552,-0.07785721,0.39511523,-1.6655662,1.8056945,2.237575
1.7433474,-0.11162246,-1.3466152,-1.0014217,-1.771361,-1.049017,1.3983651,1.4471709,0.69197136,0.25655928,1.0861015,2.011262,-0.691494,-1.290438,-0.68634534,0.1965226,1.9196334,-0.39266846,1.0005852,0.7351007
2.4117262,-1.6011479,-0.7969588,-0.14280672,-2.0103579,-1.1850026,1.8672315,3.895383,-0.51837283,-0.08624408,1.241148,2.8013775,-1.5093222,0.45233342,-1.6758857,-1.0462658,1.8038452,-1.3185998,0.89750814,0.044538956
0.101168096,0.09190185,-2.8895357,-0.8259494,-1.0186411,1.0695932,0.7833391,6.796074,-1.3995801,-1.2594115,0.36607474,1.7207667,-1.5928713,0.2959934,-0.61926377,-1.1755325,0.7847474,-2.3079808,1.7089298,0.42789567
1.8849233,0.3388943,1.1238762,-0.02724884,0.50633794,-0.6706132,-0.32165825,0.35080904,-0.8410462,1.0994637,1.0659709,-0.39299348,0.046431348,-1.0962087,1.5553342,-0.026765404,1.3379347,0.6106705,0.83223474,2.515272
3.961095,0.6726131,-1.6660302,1.5424794,-1.4630501,0.4342133,0.40294576,0.343114,-0.12902641,0.3903604,2.279259,1.7180527,-0.6374634,-0.8525847,0.14629872,-1.1226575,2.1532543,1.0324342,2.3701987,0.93336797
1.6414684,-0.6618344,-0.68534744,0.2819342,-2.4904585,0.32080498,0.61037517,6.193343,-0.2082629,-0.5573529,3.7943833,0.9885399,-1.1952016,0.7840248,0.09683787,-1.0712132,1.916714,-0.91187966,2.457816,1.1496799
-0.3797246,-0.8751845,-2.0732965,-0.3761244,-1.1043522,-0.12887232,1.8467652,5.404414,-0.55623394,0.026808154,1.3413801,2.4968662,-2.3522735,-0.16351303,-0.5899253,-2.501801,-0.033877406,-1.1550565,1.6543018,1.5707061
1.820515,0.4304634,1.0334505,-1.4173138,-2.153587,2.0811071,1.3822085,8.718094,-1.0410602,-0.7548371,2.9552174,2.0168576,-1.7580934,1.1861228,-1.47055,-0.6278575,1.1692827,-1.2528324,2.2582953,0.72937036
4.45315,0.24898852,-1.762164,1.4890349,-0.41310346,0.0023836752,0.81941164,0.3091289,0.7358834,0.27558005,1.8663266,1.3091283,-1.5258665,-1.0667377,0.65494376,-0.9522762,1.0487521,-0.75436574,1.739745,2.1506643
-0.0009537387,-0.37714309,-1.2445848,-0.8830792,-2.1816797,0.22759505,1.673506,8.712255,1.31713,-2.3530066,0.74049556,1.4860051,-1.1312351,0.8628465,-1.2510185,-0.47269976,1.5936191,-1.4952804,1.3373035,2.465453
1.896388,0.6641429,-0.8511467,0.055737454,-1.2937615,0.6721427,1.8506559,5.160274,-1.044476,-0.91484857,2.9868295,2.147896,-1.0791078,0.3218735,-1.4333612,-0.09165573,0.7103664,-1.4315101,2.6965542,1.1872971
1.0552033,-0.53745395,-0.5429676,-1.5073446,-2.2019756,-0.379498,2.3032432,7.6234274,3.2069166,-1.2711191,1.3573697,1.4323386,-2.1370504,0.4604122,-1.426748,-0.63315296,1.7475699,-0.97837883,2.655263,2.0925677
3.3980975,-1.6567794,-1.5414832,0.5783355,-2.7194753,-1.2835524,1.0498968,1.2143867,2.4152417,0.8265311,3.9795306,3.2664526,-1.3042073,-0.9969147,-0.5889453,1.1411211,1.1589518,-1.3037246,2.1589656,0.77950877
2.5637658,0.8654969,-0.24598765,-0.58461857,-0.37256062,-0.16601345,-0.14673893,-0.086622946,0.3879566,0.40196514,2.3272395,1.0749772,-0.83710706,-1.1111027,0.5164168,0.38144726,1.7942861,-0.7602301,1.9757463,2.484436
4.260603,0.45256612,-1.9675865,1.5415987,-0.43899286,-0.046208628,0.97284454,0.37421992,0.6907822,0.35406226,1.6610458,1.2585648,-1.6072258,-0.9938022,0.7660073,-0.9112166,1.0328914,-0.73789513,1.6398164,2.0809283
0.9499816,-1.8171762,-2.0725245,-1.6803377,-1.9248116,0.8162493,2.7613587,9.862033,0.3538842,-1.140689,1.5229777,0.5421409,-1.639379,1.5120224,-0.4820946,-0.5022996,3.366348,-1.1053717,2.5093682,0.18556634
-1.0998425,-0.73220605,-0.73737466,-1.8811685,-1.6287912,0.96810675,1.5991983,10.675778,-0.16005072,-1.3514429,0.3926468,1.1615189,-1.8272122,1.4031379,-1.7147866,-1.4115309,2.3263352,-1.7789539,0.89005613,-0.2855562
3.5459597,0.67001426,-0.30454656,1.8740793,-0.59750295,-0.4386318,0.48440763,0.6641286,1.2470065,1.2098615,2.5188844,0.70579344,-0.8492922,-1.368373,1.436603,-0.37939432,1.3855426,0.13119225,0.93912625,0.36212108
3.5939267,0.09909154,0.3105648,0.62307906,0.16894166,-1.5262954,0.09292282,0.3010977,2.2491243,1.186039,2.6191866,1.4687434,-1.1388069,-1.200726,0.6623463,-0.07368483,-0.28438917,-0.48186475,-0.40821952,-0.4308155
0.6607863,0.69810426,0.45509383,-0.9686861,-1.327006,2.427665,0.418922,8.088617,0.89848703,-0.2146866,3.6930819,1.8487631,-2.132295,1.0831563,-1.0561308,-1.1466169,1.7228246,-2.097895,2.5562441,-0.65117
1.0694808,-1.8800796,-1.4869211,-1.5426247,-2.2634954,-0.29108965,1.2433902,12.543087,0.105125345,-2.6950161,1.6223406,1.1928997,-2.038571,1.9645658,-1.6094395,-0.4061688,1.1631858,-2.0222843,1.9699488,-0.061444603
1.139929,0.73191166,0.5619287,-1.5047947,-0.97381294,-0.47661242,-0.5794646,0.15331767,0.47176164,1.7701478,-0.270648,0.40815356,-0.35728598,-0.98407084,1.4867519,-0.74657875,1.5920634,-0.22289638,0.61565614,1.243209
1.9325869,-0.102979854,0.44633296,-1.4359258,-1.221781,-1.6958721,-1.2167251,-0.31562144,-0.05029675,1.5227362,1.1655831,1.2965654,-0.15689357,-1.2154651,-0.43360507,-0.113692395,1.3051591,-0.008879735,0.673129,1.1291327
2.9208856,0.14130631,-2.0060039,-0.4869773,-1.0743856,-0.95784134,1.3804045,1.6267729,-2.2910378,0.7140719,1.0653554,1.6287094,-0.94623566,-0.22628729,-0.25740945,-1.8379425,0.6935875,-1.1727704,1.4160396,0.32144803
1.1120278,-0.43181428,-1.2264622,0.21289162,-1.2860457,-0.42236516,1.3726304,2.8646219,-0.39625737,0.27641878,2.6195004,3.325487,-0.8821123,-0.4587718,-0.03212852,0.056921314,0.9143177,-1.1489195,1.7681593,0.9470062
2.3615248,-1.2979065,-2.3136988,-0.8427518,-2.0391026,-0.17235923,1.1971908,6.160938,-1.0722704,0.14794473,1.8957626,1.2784634,-1.5587655,0.65287614,-1.4937798,-0.8263881,2.7093985,-2.1648226,1.8963802,1.6900687
-1.0770334,-1.1515418,-1.9978957,-1.9978638,-1.4713221,1.0353793,0.65350026,9.453294,1.7484751,-1.8270293,2.2533903,2.6246812,-1.9465324,0.67597705,-1.3496624,-1.1433195,1.3491423,-2.1244552,1.33139,-0.26050135
0.5974239,-0.36797,-1.6431881,-1.8324405,-1.9332396,-0.3953048,0.4531888,4.6473966,-0.37020463,0.0084836045,2.1366448,2.4676263,-2.3123634,0.057463117,-1.1815563,0.11001111,1.350855,-0.9759318,2.5143464,0.5082654
1.5255075,1.6760255,1.3050582,-0.08869647,-0.61865306,-0.3728259,1.0357206,0.05581701,-0.62246186,0.73580706,2.1316328,0.39016062,-0.81531817,-1.1642112,1.9267805,-1.7084061,1.7078302,0.26357073,0.407472,2.028583
0.60100484,-0.99411744,0.36627823,-1.8849506,-1.3843424,-1.0854404,0.16752583,8.3776455,1.2765661,-0.9731728,1.4358171,0.58247507,-2.881278,1.1480533,-0.29185903,0.92384005,1.3777419,-1.1140534,2.8659213,2.6784015
1.6352708,-2.7536075,-0.56064355,0.89131165,-1.5344205,1.8075271,0.97797745,5.9638906,1.0290844,-1.0918491,3.4420211,1.2669162,-0.8571119,0.33374646,0.6107148,-0.00433845,2.1535988,-1.1439209,1.8383415,0.54794306
-0.43909103,-0.80641454,-2.0873337,-0.41406175,-1.1160797,-0.08316556,1.8251549,5.3974805,-0.56006926,0.019526208,1.3287268,2.492867,-2.3723745,-0.17402522,-0.6766974,-2.5250397,-0.0110016335,-1.1180749,1.5829206,1.598997
1.9842371,-0.51296955,-1.116606,-1.2927256,-2.2770655,0.83896136,2.1982188,10.205145,-0.3470732,-1.3076636,0.5949114,2.2788324,-2.318648,2.1075866,-0.6665689,-0.5200292,0.79914165,-1.3640668,1.9607533,0.26656076
2.07401,-0.22296228,-1.5837768,-0.30271432,-0.023345774,-0.15797786,1.3290422,1.8159174,2.3499854,-0.5241837,1.6298541,1.9157357,-1.069362,-1.306342,-0.46188423,-0.9693269,2.5592856,-0.6091412,0.04661577,1.9387567
-0.019577326,-0.71114403,0.6051613,-1.0529026,-2.1866488,-0.8063224,1.7652521,6.9260607,-0.46480337,-0.9677575,2.6034236,2.1569083,-1.6996902,0.530597,-1.032701,1.1347408,1.05234,-0.7392922,1.8817786,0.15680471
1.180021,-0.8767505,0.5430293,-0.5403445,-1.4618582,0.34471196,1.6881855,6.072506,1.5069441,0.20117499,2.5961716,2.9199648,-1.7335775,0.2778655,-1.0886911,-2.3900268,0.7934864,-1.1307061,1.471881,-1.4613228
0.7434043,-0.8418146,-2.3269923,-1.0038642,-1.8250074,-0.5306993,0.74840295,8.177352,0.60998917,-1.2381685,0.72516745,1.3958114,-2.060107,1.726841,-0.17790075,-1.2108817,1.4649861,-1.4889879,1.7319114,0.30400288
0.30209762,-1.3844222,-1.4858599,-0.68379325,-1.7980762,1.0886904,2.137873,6.520998,-0.68326056,-1.0966704,2.0392997,0.74356514,-1.6376652,1.1302135,-1.490394,-0.8447674,2.3655922,-1.8360758,2.030906,0.11626411
1.6015975,0.41268787,3.039383,0.63565373,-0.02899613,-1.0851374,0.28840926,-0.057627868,0.39783898,0.9535122,0.96354264,-0.39177346,-0.2525502,-1.161144,1.5263934,-0.0133132385,1.0704337,0.31251845,1.3017483,2.9117665
3.8159769,-0.55074877,-0.2082643,1.8916932,-0.42942208,-1.7256799,1.7230728,1.2485054,1.2734107,0.9202134,2.7176442,1.3335799,-0.852342,-0.6864925,2.4010677,-0.23611306,0.9621205,0.22350432,0.9383145,2.3458722
2.5717635,-1.1584976,-1.76617,0.6570029,-1.7329108,-1.4048828,1.2891047,1.0914547,1.3132949,1.9220853,0.82174444,1.7071251,-1.7495544,-0.5556788,-0.70054114,-1.6030023,0.41243714,-1.3369204,2.6902568,1.7130908
1.0845159,-1.0483816,-2.1266391,-0.5455128,-1.8521833,1.9199104,2.9436438,7.532454,-1.1004736,-1.2567489,0.31576788,1.8828305,-1.6646073,0.063530184,-1.4629749,-0.05943237,2.228046,-2.1337156,2.2216167,1.0878688
0.9017459,-0.23479879,-0.54758936,-0.054908622,-2.6427178,0.01538684,0.64856434,6.118266,0.1603739,-0.8635834,3.5871174,1.9944929,-1.5691434,0.33081543,-0.39241916,-1.0496978,1.636646,-1.232528,1.8469994,0.6502927
1.620151,-0.9306309,-2.2099226,0.13370614,-2.2803233,-0.18803817,1.8815926,11.048812,0.05919303,-1.1750647,2.514424,4.0669055,-1.3714879,1.8208038,-2.0717058,-1.270012,1.6361252,-2.2618275,0.92037326,-0.63746446
2.2191522,-0.45994318,0.40518728,1.4778749,-0.54753,-1.2547728,0.264756,1.2080649,1.3681673,-0.090871334,1.514721,0.14580499,-0.27541247,-0.9782723,0.9574109,-1.0932713,1.834918,-0.30000767,1.2265908,2.2433643
1.69852,0.47725683,-0.9911345,0.0752532,-1.1067481,-1.4027694,0.53491324,1.3982791,1.4833732,-0.46846312,1.6063316,0.54618967,-0.31788886,-1.0729356,0.506374,-0.704023,2.2431178,-0.50698334,1.7345617,2.2556982
1.483662,-0.45739537,-1.4293743,-1.7161561,-2.1006203,-0.8392964,2.3218205,6.6230087,1.7168981,-1.3532159,1.560671,2.9601858,-0.9894587,-0.093178235,-0.6380059,0.958264,2.3646395,-2.2254524,1.7533118,0.9869462
0.35428008,-1.029532,-1.0967746,-1.147131,-2.508795,-0.76571494,1.8593626,9.008749,0.17314401,-0.64548916,2.4178698,1.999416,-1.4733313,0.41923106,-1.1776469,-1.88056,2.788119,-1.4030849,2.3645859,0.7658043
1.5624125,0.26952904,-1.2488981,-0.48563358,-1.8908926,0.060300916,1.3163977,1.7137489,-0.5825392,-0.6196553,2.9950085,1.4593889,-1.1766931,-0.79557645,-0.2461702,0.27002585,1.9904895,-0.9513516,2.6286035,0.5918932
2.1771135,-1.1062685,-1.6398487,-0.94849753,-1.0274221,0.87465197,-0.5221656,1.1155336,-0.81868225,0.045111705,1.9194329,1.814393,-0.88117826,-1.2463772,0.31248808,-0.94042456,0.60559505,-1.4847071,2.095728,0.36351836
2.0403092,-0.60480416,-1.1672682,-0.83042,-1.8832124,-1.9297459,1.1051028,1.0220982,1.2740833,-0.59010667,1.2310756,1.9111941,-0.61071765,-0.88209647,-0.8107772,-0.32405746,2.0740185,-0.17929779,1.3051393,0.8606736
-0.56631356,-1.7240055,-1.3300426,-0.19439895,-2.05302,0.53514725,1.1245216,10.25766,0.2857797,-1.4272848,2.6479506,1.4634656,-1.427605,1.5378134,-0.075293586,-0.60574526,1.7311461,-2.0020158,0.8605965,0.48003146
1.0382496,-0.46536976,-0.22671932,-0.011562495,-2.1567194,1.1808454,0.5513003,9.003038,-0.11850756,-1.448292,1.4337449,1.094995,-1.241908,1.2808565,-1.2728757,-2.4583235,1.7542945,-1.0833635,2.0470874,1.0474119
0.74993455,1.4366083,0.44914588,0.41340607,-0.45903775,1.3312622,-0.74590397,0.7913937,-1.3052665,1.2988505,3.2399669,1.2584567,-0.79119647,-1.127744,0.7822329,-2.0230138,1.2805699,-0.51829386,0.45931366,2.5399778
3.972526,-0.7531157,-1.7055016,1.7873497,-2.3505118,-1.1101031,-0.17278576,2.902678,1.1451648,0.60832924,2.408378,1.7569876,-1.2449325,-1.0431001,0.9034583,0.34056348,2.497759,-1.3441261,0.7299435,-0.06800964
2.0525005,-0.90878373,0.57971317,0.4118243,-2.215505,0.46519762,2.362772,5.775467,-0.51573867,-1.0875865,1.8840123,2.5291407,-1.8872448,0.16907237,-0.28248653,-1.450353,0.06475981,-1.6810762,1.7260232,1.8087322
1.6366267,-0.9757872,-2.3389256,-0.28260404,-1.0109851,0.67235506,1.0709745,4.986898,-0.027818,-0.48867896,0.46234152,2.4455526,-1.8268675,-0.15904671,-0.9943259,-0.5344238,2.4445956,-1.6045605,3.1159372,0.5176383
1.9542574,-0.5707078,-2.0826223,-1.156066,-1.952734,-0.3501658,1.6488093,8.272145,0.5445703,-1.5487394,0.634014,1.7786243,-1.9590731,1.8329804,-0.9329112,-0.8850163,2.211949,-1.8213348,1.9659183,0.72367334
-0.3340502,-1.2345893,-0.7516597,-1.5642186,-2.4700248,2.1520696,0.77337366,7.033074,-0.15103683,-0.23748873,2.320612,1.9129422,-1.0517595,0.9219374,-1.3879691,-1.4031086,2.000386,-0.60327923,1.2918595,-0.45119795
1.9858842,-0.5019403,-1.4222252,-1.2252998,-2.3073227,0.98013824,2.1115499,9.921164,-0.07429495,-1.3092967,0.65422446,2.1184227,-2.426389,2.0857368,-0.6783922,-0.67078614,0.63088804,-1.3332732,1.9600754,0.1574936
0.47212577,-0.5614001,0.23643117,-0.32957357,-1.9256182,0.5409205,1.331881,8.95745,-0.8608693,-0.86671287,2.1727169,1.8815614,-1.5283253,1.8869617,-0.99086785,-2.7940748,1.8795284,-0.8775922,0.99513113,1.8663324
2.7056458,0.22794007,-0.2992006,2.089965,-0.8108422,-1.0658032,-0.10839464,0.18288334,1.1132075,0.80294997,1.9057938,0.98406845,-1.1444088,-1.288628,1.8473583,1.4655944,0.4798264,-0.16904497,0.10791744,0.61285883
1.9345224,-0.5074021,-1.1879678,-1.6595923,-2.002327,-0.86490875,2.7306461,6.5600395,1.4774226,-1.236663,1.5526915,2.9811997,-1.0900828,0.061786667,-0.5299354,1.2836897,2.3202682,-2.3036432,1.7355405,1.3543537
0.6115263,-0.7414324,-0.8499701,-0.9604419,-1.7507417,-0.28164035,1.2740471,5.234686,-0.096655376,1.2796402,3.1932244,2.7241879,-1.3597012,-0.10169991,-1.0567197,-0.98651206,2.123612,-1.2178946,2.7938402,0.8400052
0.6821683,-0.07471597,-0.42899397,-0.16483195,-2.6345353,1.1752486,0.07263923,5.8973064,-0.3793464,-0.9843417,2.380608,0.6759201,-1.8727658,0.84182054,-0.24836157,-1.0695946,2.608082,-1.958117,1.6384524,1.073267
3.8988814,-0.32397,-0.28292623,-0.94706863,-1.1963264,-0.35206798,0.99171823,1.4220002,1.8472192,0.44385523,1.4303569,2.243717,-1.7926595,-1.1606678,-0.16162716,-0.4292807,2.1500332,-1.5337616,1.7811692,-0.04339268
1.1287118,-1.9383495,-1.025781,-1.6865282,-2.3272698,-0.27435538,1.2798804,12.565893,0.34268966,-2.5456872,1.280568,1.1478626,-1.8311988,1.7724935,-1.4722661,-0.17790487,1.3274417,-2.027949,2.2806685,0.29397643
3.0213094,-0.8184461,-0.23221093,-0.74730337,-1.7132839,-0.54251367,2.8283777,3.455717,0.4671394,0.04414252,2.465522,3.9684088,-1.2322955,-0.15292834,0.3833989,-0.20132436,1.6975421,-1.6742203,0.8314417,0.5298213
2.0367393,-0.7548955,-1.7781676,0.2507627,-1.3400815,-1.3609017,1.7124139,3.0942502,1.8363127,0.891924,2.856516,3.2835474,-0.98006535,-0.72947973,-0.12126393,-0.16186896,0.27659872,-1.351033,0.79617226,-0.23522939
2.786497,-0.18374005,0.8167372,1.2198528,-0.7240126,-0.29628912,0.43716657,-0.47447488,1.2963034,1.4280277,1.4856321,0.47424015,0.027870998,-1.4082788,1.2364345,-3.2035775,0.55704236,0.410815,0.8040538,1.4093158
0.5161466,-1.1752063,-0.47705513,-0.7069872,-2.1161623,0.9492159,1.9996696,6.1764503,-0.5080747,-1.0294402,2.3672395,0.3163958,-1.7684027,0.6222326,-0.950515,-0.8945846,1.7899005,-1.4233656,2.0242038,0.5186496
2.7725651,-1.6569681,-1.8658712,0.74804884,-1.1212845,-1.0813243,3.2832425,1.7140381,0.3822945,1.0018114,3.7598357,2.5629895,-1.066136,-1.0221468,-1.2770536,0.06968756,1.595634,-1.461761,2.5166752,0.9835531
0.96650034,-1.1336532,-0.12937129,-1.3184185,-2.3963814,0.08858561,1.3986576,8.065755,0.86042106,-1.5952197,1.5274532,1.2111231,-1.7630502,0.62939876,0.61531204,-0.0730603,1.1943257,-1.4598749,1.2178849,0.359674
0.49028122,-1.2133948,-2.2510467,-1.7790595,-1.9220406,0.37623757,0.5403467,4.5700603,0.12066169,-0.1950632,1.7496511,3.4566069,-1.1787131,0.06933954,-0.70916605,0.8226115,1.7414815,-1.5230834,3.2913322,0.61681664
0.8641176,-0.94087094,-1.5685688,-1.3437086,-0.8923016,0.434056,0.67912936,5.648221,0.82805073,0.18548654,1.4584632,4.2983685,-1.8249656,0.5090713,-0.024803894,0.9121791,1.8816466,-1.507759,2.8837645,0.49442792
2.6888485,-0.8353532,-0.9799,-0.59549946,-0.23004815,-0.46182063,0.92575055,2.3678834,1.8041959,-0.60369444,1.0119663,1.2474229,-1.2548171,-1.1941276,-0.48419136,-1.2198449,2.0961077,-0.3700374,0.29134837,1.8441148
3.5287054,-1.0700816,-1.7740388,0.43544573,-1.4472638,-1.5995506,0.97240674,1.5115141,1.3535634,0.67804825,2.6644995,2.2666013,-1.5122287,-0.92421776,-0.65731514,-0.29386407,0.62014115,-1.6926662,2.645485,2.0916831
0.8421472,-0.43888524,-1.0425706,-1.3969315,-1.9418093,-0.89787716,1.6483457,7.6309485,3.000354,-1.0249926,1.1390058,1.4490983,-1.9230576,0.43300813,-1.2862324,-0.85965633,1.7050097,-0.9440867,2.8481379,2.3063793
0.65471476,-2.8500278,-0.27368158,0.08064488,-1.357764,1.714862,0.86925304,5.9538746,1.6498722,-1.0518509,2.9935021,1.2501096,-1.1168679,0.31262314,0.91597915,0.2703179,2.5083637,-1.2328384,2.5581634,0.057330742
1.1268499,0.26839036,0.7067302,-1.1697849,-2.1443884,2.113363,1.533314,8.733182,-1.0350913,-0.9961129,2.1486285,1.2610041,-1.4351134,1.3645216,-1.5453651,-2.507165,1.4719691,-1.1183286,2.104307,-0.36581555
2.2296655,-1.6610906,-1.198228,0.3824192,-1.7407297,1.166028,-0.9229724,5.326436,-0.5286257,-0.7760797,1.6602888,2.1188488,-1.4381227,1.4397924,-0.24338302,-0.96625984,1.596122,-2.0219014,2.2554226,1.6299783
1.5870037,0.45055377,-0.97163373,-0.045183077,-1.0908005,-1.2593784,0.66135937,1.4185572,1.5300529,-0.45610517,1.6528403,0.5528424,-0.33710903,-1.0530574,0.62716806,-0.6438941,2.1530457,-0.50436604,1.7084582,2.0443435
0.11140182,-0.38808656,-0.9751155,-0.6289557,-1.6253701,-0.22473204,0.8345496,2.2347534,-0.64286387,0.4347579,1.5616817,1.5171328,-1.5741919,-0.78370273,0.666587,-0.22879636,-0.112668395,-1.3616747,1.3872607,-0.7602777
4.509879,0.42220592,-0.24912155,1.3637911,-1.0726634,-0.5832901,0.58984107,0.5986738,1.3303959,0.71711713,1.8711363,0.17899048,-0.28108922,-0.6281152,-0.2897197,-0.7787511,1.1507232,-0.79865026,1.3286127,1.311811
4.1601744,-0.7760925,-1.721554,1.7596279,-2.369995,-1.0788211,-0.080532275,2.870069,1.1581053,0.5746012,2.1619542,1.8515993,-1.244044,-1.1191106,0.760567,0.09969937,2.3847024,-1.3658314,0.70179206,0.06044155
2.9276042,-1.0442806,-1.313325,1.6692595,-0.4826037,-0.70592934,-0.15138353,-0.37724376,1.354847,0.55215603,0.64582974,1.1942984,-2.0042274,-0.95814186,2.2363539,0.58858466,0.34187046,0.20198965,1.3172055,1.4953312
0.09099391,-0.38480416,-1.0386542,0.12921196,-1.668028,-0.21861292,0.24341926,6.373045,0.530712,-1.1025348,2.9124372,0.93394876,-1.7791556,0.5231184,-0.21585982,0.5129778,3.3063104,-2.387877,0.76526624,2.347722
4.0234666,-0.90312713,0.36454707,-0.9628017,-1.0166097,-0.65571654,1.3774346,1.8334911,1.6080914,0.2973425,1.9343495,2.7693522,-1.6873196,-1.1731546,-0.449755,-0.80636495,1.8116752,-1.7791916,1.6002898,-0.0021986119
0.3081294,-1.1436478,0.034854457,-0.13428193,-0.87148225,0.38998878,2.2640429,5.2530475,0.87768984,-0.6279457,2.5054219,3.575533,-1.9246892,0.2779348,-1.5586782,-3.1062486,0.68503565,-1.7204864,1.9210266,-1.0847965
2.2045593,-0.48725393,-1.4436039,-0.40722725,0.2730886,-0.13498233,1.2411747,1.5071692,1.904331,-0.50375366,1.2492869,1.8759576,-1.1412392,-1.0967983,-0.54095787,-1.1460173,2.4235966,-0.24587958,-0.08644116,1.9874712
3.3158605,-0.06815297,-1.0291977,1.5084935,-1.6601783,-0.1838663,0.82637507,1.974055,1.1712523,0.8299111,1.9867616,1.843464,-1.5368798,-1.1073238,-0.5792298,-0.8564597,1.9369348,-1.5209752,1.5882329,0.9723229
1.0751711,1.6800498,1.467936,0.61287445,-0.74454904,-1.3471874,-0.44866258,-0.46918443,-1.1521952,2.5531843,0.19112867,0.45306605,0.9065243,-1.208924,0.7147341,-2.7089686,-0.11490595,0.9901098,0.725457,1.1233284
-0.09895769,-1.1778857,-0.3262417,-1.702407,-2.7221117,-0.14146636,1.1948375,6.681742,0.8170003,-1.3229952,0.9569916,0.41782463,-1.9510827,1.3315027,0.21374291,-1.7216641,-0.47340125,-1.7866484,1.3456166,0.8252422
-0.44005352,-0.5687708,-1.6860344,0.38725057,-1.6334049,1.0821587,2.618488,5.8446555,-0.44739154,-1.4580182,0.91105,2.6610856,-1.7892176,0.39193946,0.98251987,0.0052046534,1.6398427,-2.7233613,2.3417428,2.3464234
0.8474015,-1.141118,-0.27510148,-1.7026707,-2.2882397,0.034359597,1.1310623,7.610067,2.7586195,-0.7373156,1.0447177,1.0659221,-2.2221403,0.56907207,-1.652382,-0.6850858,1.4386499,-0.83060616,2.5042691,1.2442459
1.280344,-0.3276199,-1.2399831,0.42259163,-1.2199212,-0.9457678,1.026244,4.470917,0.74662375,-0.391197,1.3684762,2.5499725,-1.7307674,0.7837186,0.039220236,0.5276086,1.6216894,-1.6127985,2.4182358,-0.050176397
1.776688,-0.90726036,-0.94587654,-0.8871798,-1.1377075,-0.08138561,1.3893839,4.810122,0.61066055,0.9330816,1.6217169,2.835317,-1.6426815,0.19612706,-0.955922,-1.3509563,0.6303339,-1.1681228,2.224749,-0.34353375
4.381199,-1.1250986,-0.7277651,-0.42427307,-0.7519198,-0.2790135,2.2770362,1.2591461,1.5464708,0.09914196,2.2739372,2.2833743,-1.8138827,-0.94188225,-0.18372555,0.11689001,1.9319757,-2.039599,1.8030896,-0.71453345
1.3168961,0.83924943,0.53005564,-1.4515126,-1.1232644,-0.40027803,-0.8071147,0.13252863,0.40632272,1.8171936,-0.2964672,0.35619473,-0.35380596,-0.92396057,1.7131284,-0.8533735,1.501945,-0.22911856,0.61273634,1.4468493
0.5034678,-1.344182,-1.6128675,-1.7141933,-2.3525062,0.13999455,1.5815892,12.826559,0.6135328,-2.6779377,1.53521,1.5989445,-1.916359,2.4378896,-1.5990933,-0.21265092,1.2072958,-1.925213,1.8499049,-0.17454915
1.0647448,0.39342463,-1.0321169,-0.41754088,-1.0096567,0.8204324,-0.33757046,1.3478507,0.5450963,0.55945146,3.5981107,1.0587443,-0.58302987,-0.96309376,-0.1803558,-0.84979016,-0.03559235,0.3467551,0.92481583,0.21871439
0.8039387,-0.5750092,-0.009683856,0.43611425,-2.3821661,0.50053066,0.2863932,5.6798863,-0.4749927,-1.2201419,3.427694,0.518143,-1.8510584,0.8838693,0.1566233,-0.534292,2.1752641,-2.0800967,0.98437554,1.4038391
2.642269,-0.91663575,-1.4377617,0.403886,-1.2519795,0.07494362,1.8708286,3.6773798,1.0201716,-0.49691808,1.3675159,2.2237718,-1.9231303,0.74608403,-0.47800857,-0.5886903,0.7332877,-1.7755455,2.4809604,0.6832113
1.1324205,-0.12436649,-1.0582613,-0.28533795,-2.013834,1.9176711,0.51974595,7.0016527,-0.82687604,-0.4023845,1.102615,1.4292051,-2.3429308,0.80530363,-2.1505044,1.1675634,1.948214,-1.98335,2.0536165,0.15124838
1.2363092,-0.33299184,-2.0634212,-1.1982858,-1.2673932,-0.04606561,0.45069587,4.710966,0.82985806,1.0303608,1.3333411,3.4206407,-1.922816,0.2261247,-0.8621358,-0.12879038,1.307584,-1.1977009,2.4866192,1.1990293
0.7095367,-1.2568487,-1.3239205,-0.9122649,-1.6576494,0.519945,1.4859747,10.174736,1.2630247,-0.46583334,1.6213703,2.689132,-1.4558302,1.4121205,-0.85038733,-1.1480043,1.6720145,-1.9746749,1.675966,0.7352408
4.634779,-1.5916551,-1.1999054,2.2715032,-2.4226577,-1.2555763,1.1733944,2.478246,1.7889068,1.9004956,2.170793,2.0224402,-1.3404396,-0.6554879,1.2420577,0.06466578,1.9647149,-0.6689125,0.9466075,0.15951563
0.094821125,-1.2908653,-1.1016259,-1.3067622,-2.158741,0.21910267,2.1521492,8.894395,1.0162716,-0.794212,2.8965297,1.303299,-0.8484344,0.64561146,-1.3174444,-0.14628053,3.5073268,-1.7346436,3.0792851,1.0030285
3.6987214,0.2746635,0.180459,-0.35418308,-0.7335399,-1.3513519,-1.2086003,-0.3909878,0.44321078,0.34410673,2.1673074,0.5261381,-0.44776702,-1.2860192,-0.103746995,-0.8871041,1.0939432,-0.5702173,1.2180023,0.7978456
0.30600947,-0.6815519,0.1771943,-0.37969303,-1.9867064,0.30881858,1.2143224,9.062084,-0.7228057,-0.99138695,2.3002124,1.8894376,-1.486059,1.9279914,-0.7985338,-2.7550254,2.059819,-0.8520697,1.1758064,2.143165
0.78984565,0.06020703,-1.4040923,-0.21576928,-1.7229545,-0.54683936,1.5761322,2.999403,-0.7354472,0.19298325,2.0703359,3.1982853,-1.2076042,-0.34503388,-0.14602613,-0.30156264,0.98689806,-0.52486354,2.2327116,1.061701
2.6009598,-0.20155036,-1.677634,-1.761812,-2.0884523,-0.4937415,2.6309896,6.7471523,1.6132897,-0.66600347,0.91495454,2.8357165,-1.0976309,-0.13174543,-0.3259121,0.7189669,1.9382594,-1.9637568,1.9161415,0.7486902
1.5692848,-1.0690386,-0.44927722,-0.40683395,-1.0971125,1.6407872,1.7847837,6.577403,-0.1070273,-0.3492718,0.8049028,3.4298162,-1.8645552,0.11426199,-1.7700456,-3.1915152,1.1022558,-1.7302212,1.6632308,-1.6961795
0.30582267,-1.0172461,-0.7900976,-1.4014997,-2.283492,0.31051573,0.609626,7.4988956,0.30460253,-0.85826015,3.1394744,1.9712142,-1.3246382,0.14413543,-0.7355794,-1.7677019,1.9907838,-1.7427537,1.3977844,0.30539966
0.05387573,0.48624483,-0.9804883,-1.5641543,-1.121241,2.8551846,0.87032455,3.3941054,-0.20554295,0.62775046,1.857079,3.5015252,-1.7585553,-0.44346005,-1.1491439,-1.9446006,0.89544517,-1.6962191,2.7074459,-0.49115285
0.7637095,-0.9953001,0.030261837,0.31072074,-1.574774,0.704959,0.4399238,6.352704,0.6639786,0.22331539,2.1305816,2.5519004,-1.5556408,0.5099335,-0.8828393,-2.2700431,0.2464842,-1.0704603,1.8434266,-1.6262664
-0.3928026,-0.726528,0.56812793,-0.5825743,-1.6641556,0.6145319,0.571442,8.339514,-1.5418609,-0.91733915,0.4216099,2.1077695,-2.0018039,0.2360813,0.13222858,-1.0083313,3.1093163,-2.4566836,2.4620774,0.43123335
0.7646825,-1.3870312,-0.020674504,-1.431665,-1.4432915,-0.8704168,1.8735933,6.6401153,-0.06864171,-0.93832797,2.0546262,2.2878397,-1.3878546,-0.09731921,-1.0869492,-0.68794733,1.7972528,-0.9802653,1.4974135,1.5033916
1.6978843,-1.2495434,-1.1848722,-1.0504347,-2.2526345,-0.13254708,0.11252961,11.319749,0.35609484,-1.7911727,1.2328057,1.4754282,-1.6385269,1.6049787,-0.31709713,-0.697871,2.277361,-1.6200091,1.0217472,0.06640393
-0.5810399,-1.710553,-1.5538731,-1.6500679,-1.9854473,0.07566696,2.691074,8.872833,0.8191817,-1.68744,1.5408195,2.2035217,-1.2971652,1.7756432,-1.5753644,-0.70179695,2.406409,-1.2757292,1.700973,0.017764455
1.5648675,-0.2737456,0.39166528,0.0585876,-0.33137128,0.39383864,-1.081983,0.3773103,0.24530813,1.3432775,0.9651006,0.08623063,-0.94156724,-0.52981377,1.3151206,-0.34998572,0.42134857,0.23776467,-0.053418387,-0.53119963
2.0066307,-0.29813337,0.3089827,-0.042301938,-2.7100117,-0.26933149,0.65258443,8.268883,0.5425098,-0.70954,2.7281768,1.9430213,-0.8800048,0.8875669,1.4571981,-0.8457111,2.0646584,-0.48579088,2.604826,1.3404746
2.0282013,-0.63907474,-1.7035928,-0.98689634,-2.4477005,0.4749538,2.5947676,10.063064,0.042829145,-0.78760886,1.3437017,3.1948404,-1.4255079,2.0989242,-1.5748459,-2.6444142,1.7622337,-2.190285,1.9303887,-0.93834114
0.55760735,-2.0113976,-1.9681079,-1.6093793,-1.8131851,0.9539932,2.9809465,9.265999,0.57947874,-1.0333625,1.1346953,0.5966999,-1.6292152,1.332749,-0.6891449,-0.36670822,3.4536254,-1.1461368,2.6896105,0.520725
1.7061831,-1.4531075,0.42433223,0.34590733,-0.5112268,0.34441116,1.2342246,1.3719968,0.89804554,0.48495758,3.844216,1.2887924,-1.9902899,-1.4042729,0.7894175,-0.9756811,1.8848112,-1.266153,0.74218875,1.6531225
1.8746656,-1.0605818,-1.204369,-0.15837657,-1.7587196,-1.119279,0.8841825,5.5961747,1.7208898,0.55609185,3.441506,2.1644197,-1.480369,-0.034298368,0.89756936,-1.0658445,0.7289574,-0.8927197,1.316401,1.7534795
0.265217,0.0066298214,-1.6813153,-1.6938456,-1.637234,0.9330884,0.15653372,7.6244993,1.0016341,-1.6944685,1.5214242,0.9921176,-0.5771873,0.42868862,-0.93731236,-1.273712,2.18035,-1.0318731,2.2296746,1.1137973
2.7983272,-0.21088015,1.716775,1.4201473,-0.056996472,-0.53357875,0.66669226,-0.6965055,1.5944206,1.3443855,1.1819082,1.1030045,0.16749087,-1.2782251,1.2859273,-2.117439,-0.103813365,-0.1092359,0.59485304,0.25815132
1.9738066,-1.5315171,0.51146066,-0.05503901,-0.47231102,0.2504051,1.0671997,1.4391611,1.1573607,0.39658287,3.9998095,1.398673,-1.8596724,-1.3504372,0.60544693,-0.8203185,1.8699346,-1.1587152,0.660589,1.5801839
1.7430288,-1.9066477,-0.93051606,0.22402473,-1.6632996,1.0773774,-0.8349903,5.646702,-0.63020253,-0.98777956,1.8351693,1.9605497,-1.4076735,1.4631982,-0.14429972,-1.2188821,1.787918,-1.8894804,2.1503158,2.3454595
2.5391734,-0.6739107,-0.73132503,1.2746267,-1.2526077,-0.33141103,-0.07057835,-0.36334184,0.3088716,1.1725456,1.0254272,0.95716554,-1.5158533,-1.1867392,1.5200353,0.36234683,1.3889844,-0.44886923,1.5021236,1.1868459
0.56346464,-1.0540177,-1.8849168,-1.5368423,-2.476317,-1.2485708,-0.12010149,9.286257,0.38177037,-0.999576,2.6829617,0.8587554,-1.3883868,1.9846005,0.07633593,-0.2264937,2.394073,-1.7298622,1.3728709,0.77719104
1.7958398,-0.44475338,-1.3715818,-0.5840949,-2.3765614,0.39077237,2.2363665,10.217304,-0.14245278,-0.95152944,1.8160561,3.6761575,-1.1732086,1.6847458,-1.7664663,-2.478872,1.6672794,-2.129276,1.39278,-1.3105847
2.5677717,-0.18362989,-0.9857846,-0.9537078,-2.1076267,-0.15593007,1.0849851,1.4395785,-0.008716149,-0.9900602,3.1643066,1.377917,-1.3244632,-0.79921764,-0.25293726,0.33289847,1.9200225,-0.8486881,2.5108516,0.3559205
2.7908823,-1.240709,-2.0349765,1.4281781,-0.8170643,-0.92887276,2.5528014,1.2043275,0.25594106,0.9262055,2.956246,1.5998226,-1.9267424,-0.68938434,0.81492215,-0.0035552802,0.6722296,-0.9871475,2.255574,2.90016
0.21487372,1.0539474,-0.7015578,-0.090338364,-1.1369998,1.0188357,-0.26344317,1.8915229,0.818535,1.0674497,4.401238,0.880005,-0.7484391,-0.8952486,0.07857964,-0.80654943,0.31465578,-0.033623405,1.2373712,1.5242499
1.8515606,-1.4645611,-0.25448236,-1.3495708,-2.395903,1.3327969,-0.037229113,7.014141,1.1039113,-1.2621611,3.1486852,0.88335764,-1.2456347,0.31086892,-1.7439555,-1.8303322,2.7782803,-1.316204,1.2287147,-0.4951312
1.6515235,-0.58617705,-0.7062744,0.086471826,-2.8860545,-0.25384495,1.3124385,5.626319,0.2839484,-0.63098675,3.5346866,1.5896814,-1.4338799,-0.027974615,-0.19306299,-1.5658951,1.9311308,-1.4582232,2.4229703,1.2796696
1.4981525,0.24881695,-2.5816472,-0.5356662,-1.688305,-0.028755791,2.8193948,4.3705826,-0.9004215,0.099850185,0.99472046,2.2749217,-1.389495,0.33618575,-1.5455036,-0.05371917,1.3582298,-1.6694726,4.748377,-0.59468114
-0.4263183,-0.93629766,-1.5294752,-1.05568,-1.9863634,1.8822267,0.5124504,9.968623,-0.22587675,-1.4397793,0.064657174,1.7617834,-2.041789,1.3531029,-1.2683134,-1.1553226,1.3430917,-2.2492788,1.5902693,-0.7712682
-0.5363245,-0.54374605,-1.4870948,-0.22792655,-1.9066919,1.3037022,0.28602895,9.914605,0.0048052194,-0.97940457,2.4709394,2.2819133,-1.2442746,2.1719651,0.005780799,-1.4198747,2.7037535,-1.484714,1.6332352,1.1337835
-0.15710306,-1.6989226,-2.072217,-1.0644175,-1.8446431,-1.1040971,1.7080704,3.3604062,-0.6759667,-0.15796776,1.3723468,2.0955036,-1.4530317,-0.45332536,-0.6205465,1.1611444,1.2846379,-1.6700393,1.84704,1.1221724
2.3016393,-0.83741856,-0.25497812,-1.4236232,-1.7716662,-0.8933781,3.5065362,3.7353642,0.34697145,0.27675593,1.8804855,3.1602807,-1.306964,0.022045692,0.0071690646,-0.7162946,2.4882805,-1.8196013,1.2622601,0.3232745
3.159337,-0.8418135,-0.48484907,-1.3371108,-2.227888,0.110186905,1.5535257,11.923791,0.59158593,-2.2662296,1.2488403,0.9314214,-1.975052,1.3218622,-2.021943,0.13964038,1.3674916,-1.8976054,2.5552049,0.43833637
-0.31677958,0.03165961,-0.15277703,-0.6630522,-1.3613707,-0.4593754,-0.45488742,7.058619,0.46120712,-1.277503,3.139517,0.6685357,-1.6527117,0.38711527,0.9698455,0.69673055,4.2003403,-2.5596461,0.76596534,3.333746
-0.51685166,-0.78009665,-0.9269001,-0.09715098,-1.7370209,1.62568,0.6651284,4.300837,-1.0666612,-0.78339076,1.1360294,3.0245745,-2.2229362,1.1886016,-1.681263,-2.5072618,1.1802016,-1.1797203,2.0307727,-1.9519978
0.81087637,-1.0014901,-0.7002316,-2.124403,-3.1918404,-0.0112921195,1.1701242,6.611256,0.75999784,-1.396247,0.42045215,0.7724458,-1.6684804,1.0415055,-0.07431104,-1.5412104,0.17278461,-1.3194376,1.7687759,0.64511317
3.9681613,0.29630253,-0.61091113,1.4002079,-1.2903066,-0.5979952,0.40955988,0.5235562,1.6853994,0.6702753,1.7414682,0.38492507,-0.28959975,-0.68813604,-0.07095108,-0.67742336,1.4412199,-0.61501867,1.4969938,1.0579199
3.52774,-0.583669,-1.0740005,1.3383864,-1.6460266,-0.0497317,1.5360993,2.5305297,1.0352432,0.8749601,1.1438589,1.9805996,-1.73169,-1.267769,0.3364762,-0.45776656,1.6001205,-1.2015975,1.4583849,1.4531581
-0.934511,-1.2467552,0.15861933,-1.1833478,-1.7387735,-1.4486605,0.27611697,7.785052,-0.27681315,-1.4674131,3.0285673,1.3045791,-2.007251,0.9092394,-0.59295225,2.4132047,0.36165407,-1.0033677,2.3685253,0.67507035
2.353223,-1.2260758,-1.4036982,0.14257666,-1.5288118,-1.3438758,1.7615774,0.5085629,0.59230435,2.2490633,1.6552229,1.5258694,-1.7426805,-1.0126662,-0.5433373,-1.6001568,0.6540966,-1.2925564,2.612775,1.3711812
3.0113797,-0.71671873,-0.5687722,-0.32976782,-1.116383,-1.3682495,0.25316635,0.47877273,0.96833277,0.6472877,2.6771495,2.1653488,-0.32166165,-1.312187,1.0019544,0.1332713,0.58799607,-0.4210101,1.0026847,1.3487285
1.3395926,1.2161437,1.9116309,0.20048507,-1.1986223,-0.6987202,0.02749811,-0.26655743,-0.76887256,2.356585,0.50228363,0.4194273,0.39597115,-0.97876954,1.1385951,-1.9119227,-0.14818446,0.549197,0.42219967,0.9057983
2.6356091,-0.07529073,0.40759295,1.1138083,-0.31689903,-0.7535985,0.76912206,0.57704794,2.118007,1.2838998,2.7619123,1.9840453,-0.5954887,-1.5639418,1.9170339,-1.3801779,0.09041041,-0.44409811,-0.30789,-0.04305388
1.6576219,-1.2331824,-2.286242,0.026135448,-1.9235569,0.5919511,2.9525309,6.5462317,-1.1202105,-0.5718481,0.64570117,2.8989675,-1.5027522,0.067214526,-1.2044791,0.58845603,2.182523,-1.8524119,2.758149,0.12174858
0.81216806,-1.0003537,-0.025384782,-1.3652614,-1.8511705,0.45635724,1.338267,6.3653383,0.50794613,-1.4622856,3.1578112,1.168988,-1.0669973,0.576261,1.2940505,-1.4113625,2.433355,-1.2546965,2.4380617,-0.2846897
1.2782989,-0.7192268,-1.2774631,-1.273364,-1.0867107,-1.2476751,1.4022985,0.5245617,2.3675017,-0.32639378,4.139806,1.6078855,-1.3966645,-1.1603847,0.62946844,0.6653882,1.3252584,-1.1483217,2.7169216,0.9399191
0.43221,-0.06479833,-1.4156775,-1.812635,-1.999153,-0.34844565,0.23474312,4.885144,-0.35652575,-0.14697765,1.9952893,2.8383915,-2.3266807,0.20207073,-1.1680276,-0.05972541,1.0067236,-0.8798792,2.136302,0.71465665
3.74612,-0.44292706,-0.33108222,-0.94482124,-1.2267324,-0.42769158,1.1469017,1.3672268,1.8001723,0.3724294,1.4176141,2.3646939,-1.8097311,-1.0789958,-0.21533217,-0.40405965,2.236247,-1.5333871,1.7302501,0.017831702
2.6382666,0.44883808,-1.5731505,1.0588484,-0.6031442,-0.83898956,3.3378296,2.0161488,1.5906293,0.60695475,3.1266038,1.6063032,-0.7904439,-1.0849966,1.3076134,-0.54426223,1.3082029,-0.33474275,1.1994897,2.8132236
1.8110074,0.045077726,-0.82111335,0.69307876,-1.3247954,-1.1696041,0.35643494,1.8275388,2.544011,-0.18882903,1.2658019,0.33781087,-0.10687838,-0.9302828,0.07007493,-1.7421855,2.2010224,0.2132802,1.5519692,1.862084
2.3065581,0.18507242,-0.38722917,0.6653607,-0.41464767,0.92987907,-0.88714886,0.97539234,0.56161696,0.22424889,3.0289915,1.3290914,-0.81472814,-1.1082007,0.75758344,-1.1906195,1.686569,-0.949364,2.0017822,0.39889994
0.8853958,1.2889819,1.5670998,0.22909258,-0.9306434,-1.2979528,-0.031106228,-0.36306244,0.19919287,2.3566492,-0.16403091,0.45351744,1.0447234,-1.2402062,0.7879803,-2.38843,-0.1901592,0.6673513,0.8776079,1.3128849
2.6310353,-1.6848638,-1.1855392,0.0325975,-0.347192,0.9847049,-0.21263823,1.0396369,-0.80502456,0.49373275,1.9240383,2.4490004,-0.74568564,-1.2109321,0.8791562,0.052396763,0.65857714,-0.901091,1.3269539,1.418985
0.13246638,-1.8653289,-0.7377071,0.11769943,-2.5458546,1.0857459,0.09868777,5.77709,0.44569868,-1.6004711,2.3218455,2.5156825,-2.4129505,0.79628956,-1.4502524,-0.58505845,1.7617104,-1.4179072,1.8453507,-0.25703225
1.4235152,-0.30988953,-0.45542052,0.21392192,-2.5811713,0.88775134,1.4376626,5.248961,0.2747526,-0.64650065,2.7485075,2.9403245,-1.9993602,0.11749011,-0.2890601,-1.7812192,0.15251195,-1.8959335,1.8516328,1.3313367
1.1347377,-1.2775025,-1.9193026,-0.37360346,-1.9745564,1.723623,2.8155172,7.8185196,-0.3640799,-0.63078636,0.3883374,2.5215507,-1.7138747,-0.30491504,-1.3283246,-0.0030615989,2.5225873,-1.8537765,2.8058968,1.263517
0.30209762,-1.3844222,-1.4858599,-0.68379325,-1.7980762,1.0886904,2.137873,6.520998,-0.68326056,-1.0966704,2.0392997,0.74356514,-1.6376652,1.1302135,-1.490394,-0.8447674,2.3655922,-1.8360758,2.030906,0.11626411
-0.20349306,-1.6430227,-2.0901897,-1.1193776,-1.8258212,-1.0660962,1.6345177,3.3805246,-0.64737946,-0.1534266,1.3193731,2.103264,-1.4358145,-0.45078602,-0.60628575,1.1121025,1.2816609,-1.685282,1.7992594,1.134323
2.1077678,0.20603871,-1.6616629,-0.62573874,0.0035011186,0.010783747,0.5656242,0.7352618,1.9875479,1.3124872,0.7280661,1.763681,-0.9342698,-1.189316,0.41325122,-1.5822043,0.4000078,-0.025403379,0.5084788,0.5091986
2.8542585,-1.3419213,-1.9377065,0.52332646,-1.6257355,-1.0743519,1.9856812,0.4856245,0.5494618,1.5541035,1.7168847,1.6061125,-1.5760558,-0.74655735,-0.31199092,-1.7215471,0.90756977,-1.6572459,2.7844121,2.2088292
2.6887937,1.0712426,-1.4226466,-0.028482469,-1.398217,-2.0213952,1.3268152,1.5106231,-1.4961214,0.79093426,1.4897949,1.7717491,-1.293274,-0.11921787,-1.006361,-1.0751365,0.34701556,-1.4243228,1.9425524,0.013518665
2.097757,-1.6366022,-0.12490547,-0.8249527,-1.7639055,-1.4416126,2.2856214,3.8536632,-0.49183938,-0.05725278,1.3263797,3.9953794,-1.8294636,0.113253005,-1.4044497,-0.7279074,1.7148341,-1.5116671,0.67421436,0.3469659
0.34006914,0.1615669,-0.9715269,-0.0770971,-1.8558198,-0.8436299,2.5057964,4.7548466,-0.43459812,0.32628882,3.3287854,3.3286023,-2.1998367,0.5383213,-1.0547174,-1.7839097,0.63326997,-0.6607099,2.5657563,0.75179845
3.6125994,-1.3916645,-0.9465568,-0.387805,-1.7042671,-0.70955944,3.8450167,4.681016,-1.2171673,-0.30960837,1.7328005,3.610927,-1.8716977,-0.0815488,-0.04087592,-1.372195,1.908973,-2.0643897,1.2020794,-0.45776197
-0.67636245,-0.177941,-1.3740377,-0.8184092,-2.167869,0.43686008,0.6503971,9.6762905,-0.9168585,-1.1517836,1.5892022,1.0696803,-0.9927751,2.4695811,-1.1174474,-0.70784193,1.426308,-1.1388466,1.6219335,1.9445025
1.8165816,-1.2602501,-0.47541595,-1.616316,-2.6274133,0.68589306,1.0473068,7.3991337,1.0464853,-1.885497,1.1225613,0.52444255,-1.408529,0.82957226,-0.11748387,-0.44167376,0.4987954,-1.1204811,1.1879328,1.5852047
2.101544,0.6892215,-2.0856948,-0.3371135,-1.8330315,0.20728137,1.4216634,1.9628569,-0.476332,-0.22905342,2.2477496,0.97768915,-1.1960948,-0.8347572,-1.4141371,0.05092509,1.4049783,-1.4951205,1.9706521,0.548057
2.2444594,-0.9062996,-0.58267915,1.0456362,-1.3251091,-0.51146346,1.0751519,-0.2025011,0.26138487,1.0195396,2.5131133,0.2837727,-0.7383533,-1.5442113,-0.044068817,0.50062734,0.66114426,-0.36827445,1.4702761,2.2910988
1.7008575,-0.41904408,-1.0682924,0.22232032,-1.3790221,-1.1342437,1.4688349,4.8077254,0.6141742,-0.31481487,1.2395434,2.5792751,-1.9085128,0.68048316,-0.33294573,0.17862439,1.6872663,-1.8153011,2.6094913,0.17207846
1.5553699,0.7997418,-1.1798747,0.047216147,-1.9093168,-0.30118865,1.2365015,2.4129033,-0.1418474,-0.65325975,2.4942477,1.9884728,-1.2568972,-0.75106347,-1.3545228,-0.7326785,0.92847663,-1.2898573,2.3004084,0.3178665
0.9517682,0.22305122,-0.23614673,0.45204428,-2.887583,0.6028943,1.3507208,4.285999,-0.49016735,-0.9935722,3.1530557,2.374942,-1.420508,0.38151434,0.11541815,-0.08523109,1.6776054,-2.2362618,1.2905002,1.464566
3.3085902,-0.16784003,-1.0171692,0.7676437,-2.2957444,0.31221682,1.0940452,6.2196736,-0.42086625,-1.6098561,2.1913319,1.1835932,-1.6308694,-0.099728584,0.5286478,-1.822304,0.25090787,-1.263536,2.4675999,0.81744057
3.1654272,0.60032254,0.36897975,-0.38394114,-0.8774008,-0.18763989,-1.3200276,-0.62665415,0.84874266,0.5118998,2.7107615,0.868445,-0.4346325,-1.613108,-0.85528076,-0.90058213,0.80661327,-0.63144,0.6132392,1.8424809
3.6437898,0.03164155,-0.56437033,0.59243476,-1.4853759,-0.4144427,1.1513021,2.6283927,0.012931886,0.5295774,2.2489326,2.0472577,-1.263338,-1.0728074,-0.40159646,-0.748034,0.8092914,-1.3089156,1.789816,2.16032
1.516559,-0.50980276,-1.946587,-1.6225239,0.3353721,-0.3355023,1.1255834,0.5897957,2.9152968,0.12989765,3.0968618,0.81846577,-1.6460086,-0.93441993,-0.6791599,0.051589686,1.2246888,-0.9860473,1.9931817,2.2761843
1.9135664,0.742172,1.0824991,-0.020690864,-0.9263082,-0.8128129,-0.7884197,-0.10348159,-0.84902525,2.1052337,-0.095298715,0.6771231,-0.13548139,-0.9042003,1.3894652,-1.3073945,0.03333094,0.23692779,0.2378292,0.46462783
0.14936867,-1.7738316,-1.2121212,-1.1654328,-2.1393914,0.43447813,2.3016114,10.404522,-0.27381203,-1.8736584,0.98750734,0.58185905,-1.4359319,1.8378092,-0.96933305,-1.4291706,2.546275,-1.5359861,1.081069,0.023399329
1.3276265,-0.5247623,-1.5919352,-0.19667944,-1.8727716,-0.48146123,1.4585644,4.290541,0.5814386,-0.043338913,2.0479813,2.0775423,-1.7737473,-0.22641371,-1.2301971,-0.33415982,1.0773883,-1.6751928,1.986117,0.42437214
3.4765987,0.21851185,0.6738342,2.0765932,-0.520653,-2.512316,-0.9412677,1.4070939,1.3451955,0.07466034,3.0196462,1.3568337,-0.4852871,-0.3469325,2.4366834,-0.45367396,1.5908631,-0.3564692,2.51562,0.7954663
3.3708248,0.48180884,-1.222427,1.3786753,-0.74569935,-0.8623526,2.9913797,1.6636821,1.2101648,0.404097,3.4144347,1.6726085,-0.7564424,-0.9690796,0.84519196,-0.37226212,1.2574817,-0.17934301,1.2564,3.4864466
2.9230638,-0.65130275,1.2012185,1.324969,0.22604007,-0.8401857,0.34734398,-0.43760914,1.6571395,0.89683175,2.719106,1.1347966,-0.23349957,-1.6107882,1.0669545,-1.9889059,-0.28600222,-0.14191824,-0.762735,0.2765097
2.0189009,-0.672181,-0.80255437,-0.8460596,-1.9875615,-0.00318329,2.0727286,11.398189,0.4089452,-2.676295,2.2541134,1.2625308,-1.8061937,1.0323042,-1.3634304,0.47508642,0.8151604,-1.5474728,2.0118248,1.3261664
4.236267,0.46308696,-1.9940931,1.589028,-0.45407715,-0.06439867,0.99560726,0.41381046,0.72904414,0.4089378,1.6565459,1.2180493,-1.6086358,-0.9880058,0.7332669,-0.97913754,1.0058333,-0.74978894,1.6100831,2.0588405
0.40696567,0.11370929,-1.5309626,-0.78832436,-0.47488135,-0.93736947,0.5621867,0.29037315,2.396632,0.17656228,3.2452433,2.264344,-0.56423527,-1.0988903,-0.0766807,0.07795737,0.5524166,-1.2263582,1.5983336,2.0011947
1.2029867,0.56472856,-0.6425397,-0.120549306,-1.7309152,-0.6504326,-1.2674953,2.270436,0.39139953,0.3177452,0.8004157,1.5475353,-0.8991385,-1.1133908,0.9438118,0.42118728,0.47571063,-1.1548054,1.9819412,-1.566236
0.95912147,0.12726647,-0.8014715,-0.6868291,-1.7586405,2.8485274,1.1204648,8.130684,1.9505317,-0.21960123,2.578553,1.9706204,-1.5314031,0.57041,-1.1274596,0.02903608,1.7896515,-1.9118931,1.8939323,-0.76067454
3.854546,0.328671,-1.3919673,1.6626348,-1.6830529,0.025858544,0.44522855,1.9308083,1.1623188,0.9623204,2.902543,2.6831753,-1.6352105,-0.8874101,-0.43957737,-0.46804306,1.9348285,-1.8554082,1.5756626,1.6744972
0.88541913,-0.9467991,-1.2318088,-1.1279265,-1.8432096,-0.5827787,2.1110053,6.5784636,-0.27375236,-1.2922071,3.056888,0.54818475,-0.7771629,0.76228607,1.1030293,-1.6788644,2.783801,-1.9975332,2.0284555,-0.21716464
2.0845268,0.6958319,-1.2285663,0.7884895,-0.50112593,-0.84676075,0.1779078,2.1792176,1.1204133,1.1650891,1.8027807,1.6813341,-1.0157778,-1.0088116,-0.6305827,-0.5934048,1.827256,-0.23615204,1.0676985,2.7309854
0.30229664,-0.5171834,-0.1924977,-1.3619974,-1.9341805,0.5409274,0.8928523,9.109889,0.4272393,-0.76906925,1.9199066,1.3615382,-1.6193867,0.5653457,-0.002403011,-0.23272449,1.9960446,-0.72359794,0.60843414,-0.6946556
2.0753226,-1.4045037,-0.72061366,-0.45679817,-2.0200424,-0.4475164,1.627048,12.639337,-0.21757878,-1.4794463,1.7766132,1.3454598,-1.8350511,1.5874248,-0.69524515,-0.18288594,2.3358788,-1.3892456,1.7194449,-0.32276422
1.875676,0.97221786,-1.1140307,0.48384285,-0.5032808,-0.4722624,0.4979622,1.9116678,1.3260926,1.6051563,1.7812871,1.4879817,-1.2335743,-0.8817275,-0.6194038,-0.19711322,1.9376049,0.27648702,0.69588506,2.48794
4.1585307,0.2625746,-1.5486128,1.7148651,-1.3880986,0.20502858,0.4309035,1.928776,1.2442021,1.3364797,2.820113,2.2414331,-1.7023497,-0.88776284,-0.47396857,-0.53500956,1.7789334,-1.6830267,1.7726868,1.6543746
1.1322829,-1.1330467,-1.1273785,-0.5541685,-2.110818,-0.037125092,1.1155703,10.953603,0.30091307,-0.7984391,2.5435846,2.508904,-1.6240942,1.6429268,-1.6343662,-1.280683,1.6459208,-2.2239676,1.7865696,0.5667064
0.22532398,-1.0780638,-1.1774672,-0.66215307,-1.7881278,0.9721898,1.8346596,10.037093,1.8178588,-0.40125602,2.125852,2.961109,-1.3171035,1.5466136,-0.8523481,-1.3745193,1.4242077,-2.0653281,2.255136,0.92988753
2.631451,0.42280912,-1.0433543,-0.2088236,-0.93833876,-0.17114355,1.2965335,2.9408972,1.1521811,0.41100246,1.2386042,2.6095407,-1.4286652,-1.1561157,0.28394207,-1.4435594,0.8463308,-1.2579663,1.6304306,1.6165121
0.86090386,-0.28692397,-0.03942252,-0.2413463,-1.3324091,-0.022300366,2.6709511,5.467659,-0.5630891,-1.3706276,0.8138676,2.3811085,-1.0108409,0.10596731,-2.2108345,1.2973312,1.7918866,-1.3501031,2.6193128,0.46917802
3.8582244,-0.53829145,-1.3774505,1.4776349,-0.5812983,-1.7680107,2.2560487,1.8531798,2.2002485,1.4928633,2.4525406,1.0394845,-0.6896365,-1.296386,1.6178942,-0.41624045,0.81190866,0.16437148,1.1056812,2.5875566
1.2370657,-0.117825165,-1.9281231,-0.52378577,-0.66576093,-0.31101805,1.8487152,-0.20847322,2.5402453,0.0903185,2.9138713,1.5169371,-1.1265147,-1.1945132,-0.3443552,-0.4134257,0.7283384,-0.9569318,1.4124397,1.5356983
1.2398446,-2.0904438,0.14113528,-0.61278707,-2.5324047,1.619219,1.3821504,8.318957,0.8144531,-1.3883448,3.2406366,1.8398255,-0.97832483,0.2030262,-0.7501116,-1.3251202,2.1962724,-1.2466657,1.7251827,-1.2441695
2.4758222,0.136878,-1.0369728,-0.40007985,-1.185567,-0.33574283,0.8544954,2.4953,0.6698713,1.1263304,1.9473343,2.5801725,-1.4364812,-1.0269978,0.8571245,-0.9442293,0.33004802,-1.4328417,1.803284,1.648865
2.4312067,-1.1620963,-1.1867946,0.8848621,-1.2542524,-1.5512408,1.374204,1.3746873,0.27835694,1.0584764,2.7050176,1.6373701,-1.3359638,-1.2171936,0.13906583,-0.86313665,1.3586516,-1.4121592,2.249469,2.4699569
3.6824775,-0.67022103,-0.66123974,1.5446607,-1.4569254,-0.30794746,1.9119813,2.1540678,0.9720477,0.7542981,1.2261325,2.211849,-1.4669673,-1.279434,0.14429972,-0.81652385,1.6147894,-1.287021,1.6903858,1.575643
1.4315064,1.5343161,1.129967,0.08430569,-0.61812866,-0.4273024,1.3775938,0.17830923,-1.0104746,1.0510254,2.0835729,0.554263,-0.6499342,-0.92417526,1.954976,-1.4962097,1.8821591,0.19772944,0.7424551,1.8763922
1.1639062,-0.8541421,-0.34921283,-0.79667467,-2.141316,-0.4574793,1.0375384,10.315707,-0.6971817,-0.9339314,2.5347235,2.3124108,-1.2094952,1.360652,-1.1410913,-2.7422829,1.7595807,-0.81831056,0.60767245,2.3753066
1.5070151,-1.8456564,-0.9084902,-1.7296879,-2.5015073,-0.15376179,1.695161,12.393167,0.603122,-2.353529,1.0551015,1.1647141,-1.86974,1.6419405,-1.4293954,-0.2947209,1.6934745,-2.0452237,2.3850956,0.6521905
1.6816486,-0.12319981,-0.29259637,0.08563498,-1.0702736,-0.10691954,0.92365175,5.459229,-1.2945247,-0.9493634,2.2423317,1.9577773,-1.0016993,0.43300188,-1.6038378,0.028812826,1.5146929,-1.2655416,2.5365872,0.6347746
2.470481,-0.12385449,-1.17606,-1.104436,-2.1429853,0.030857326,0.76903874,1.5240983,0.4136773,-1.062694,3.524121,1.3878243,-1.1410275,-0.82343847,-0.06325006,0.2454791,1.8809673,-0.715222,2.3705227,0.4621366
1.9554118,-0.46267882,0.1581727,-0.20304209,-2.8374245,0.18465249,0.78986526,7.7552843,-0.20939279,-0.35924053,3.7153938,1.0648093,-0.8838619,1.4963486,0.44273287,-0.87684566,2.178963,-1.1642762,2.3187218,1.8061645
3.545819,0.34413803,0.3962819,1.0864868,0.31262526,-1.1870365,0.83040833,0.31331557,2.063458,0.7959326,3.0250847,1.8342761,-0.7257676,-1.2647959,0.510812,-0.06706181,-0.3549019,0.00033687346,-0.27567,0.14273421
2.7405274,0.18454689,-1.0945321,-0.627601,-1.2178495,-0.4237971,0.972563,2.6421037,0.8607739,1.1105134,1.8164065,2.6689384,-1.3448634,-1.0337707,0.924747,-1.0214216,0.55655724,-1.1881084,1.5933468,1.5893294
0.9835252,-0.28362262,1.1694849,1.3619442,-1.6377776,-1.0764863,-0.19345373,-0.7936865,-0.5574503,2.2483337,-0.19260773,1.0653083,0.47943228,-1.3218352,0.57059455,-2.7495117,0.7083125,0.80699253,0.61378676,1.3552915
0.79964393,-0.70624214,-0.27482846,-1.0808418,-0.6918295,0.122239634,0.1953658,7.0563235,2.0547292,-0.5926548,1.7378953,1.836113,-2.0808167,0.39323747,0.4328741,0.13165198,2.792465,-2.722267,2.499249,4.377438
2.189637,-1.1072574,-2.2255692,-1.8061987,-2.8072066,-0.6902001,1.8798127,7.3356943,1.1823817,-0.7134306,1.6258658,2.255022,-1.0453601,0.2677251,-0.6029439,1.1865735,2.9667206,-1.7746797,2.1457732,1.1225512
2.5186617,-0.27534842,-0.0058885613,1.0871793,-2.3855226,0.015609172,2.31491,6.180327,-0.11890207,-1.0615046,1.1685756,2.2057328,-1.7143596,0.30789202,0.16996308,-1.7536545,-0.08793976,-1.5388916,2.0047023,1.3619412
2.6340978,1.0954967,1.4566708,-0.07939683,-0.34987584,-0.69580823,-0.20429933,0.16586928,-0.48107648,0.96073776,1.2402676,0.109057985,-0.39506924,-0.82137334,1.4668999,-0.35287318,1.9805537,0.30252048,0.430615,2.58303
1.3430351,-2.2803552,-0.4104887,0.49841928,-2.087413,1.9315228,1.3508558,5.217902,0.72230023,-1.1615227,3.3285222,1.0245416,-0.85776734,0.13589488,0.017807644,-0.63777924,1.913792,-0.9567986,2.4980373,0.33628443
0.95297116,-0.61548346,-0.05343455,-0.73124295,-2.5596402,-0.035174813,1.4620761,8.55642,0.19629736,-1.1662742,2.1460845,1.804442,-0.25317803,1.0799257,1.3810298,-0.6483537,1.9024262,-1.0066069,2.9649837,2.695778
1.2479514,-1.859126,0.35957405,-1.0680374,-1.9842033,0.054526787,1.8124214,10.457711,-0.62780327,-0.79731274,1.8506563,3.3429358,-1.123415,0.5008045,-0.9340879,-2.406722,2.019028,-1.2977389,0.05129808,0.5757837
0.10757285,-1.3523448,-0.5092926,-1.0686458,-1.7415286,0.7266001,0.0048468285,5.8587527,0.18755579,-0.79538035,-0.024598153,2.5867493,-1.4796671,0.6790523,-0.5205071,-1.8221829,2.4199526,-2.5038908,1.3740114,-0.9396738
1.8181487,-0.7659017,-0.6240047,-1.0211589,-2.2061238,-0.28184837,1.6365745,11.626445,-0.12624395,-2.6184916,2.182241,1.0908133,-1.8879496,1.0862088,-1.442883,0.30708683,0.91796905,-1.5932357,2.3180573,1.1759914
1.4808906,-1.7677406,-0.9829334,-0.29869598,-0.7946561,-0.78572136,2.3895226,1.2869292,0.39702734,0.33636102,1.9026762,3.002237,-1.3718525,-1.2839332,0.017474668,-0.7722415,2.198154,-1.3702253,1.7551427,0.10629464
1.0312676,-1.9015622,-1.4211622,-1.5472655,-2.2822764,-0.24375421,1.2243016,12.617765,0.11871947,-2.7066412,1.5652947,1.2525946,-2.0069096,1.9646252,-1.6063838,-0.4274772,1.2187986,-1.9976457,2.057994,0.0011791295
0.0771326,0.01928897,-1.8558809,-1.8104789,-1.9071839,0.29803264,0.11178558,7.380464,-0.6570803,-1.5604585,1.8312436,0.86865836,-0.7208018,0.47428218,-0.6581614,-0.66433275,2.554086,-1.3525994,1.7454418,0.042996388
2.9488456,-0.4587124,-0.96719134,-0.58336705,-0.45731527,0.2302457,0.18705851,1.6723119,2.6574044,0.2660688,0.59682393,0.8682999,-1.1597217,-0.9791496,-1.1043465,-1.2531428,1.4357429,0.025549358,0.7387401,0.18893483
0.47639424,-0.6926082,-1.5697962,-0.19638793,-1.5399697,2.2724721,0.62410617,4.319756,-2.7340891,-0.7753841,0.8389076,4.129061,-1.9423985,0.90076923,-0.93655497,-2.8228252,1.2463347,-0.96923053,2.0764785,-1.911165
2.0912397,0.14975296,1.6390933,0.2918051,-0.8334178,-0.91858613,2.0051591,-0.5329873,-0.16376846,0.48366505,2.1166763,0.87560236,-0.62655795,-1.3687539,1.1514052,-0.49598968,0.7180495,-0.16579664,1.743269,4.156263
0.6613063,0.4781711,-1.1926992,-1.1197841,-1.5137022,0.667602,0.5462725,7.4466043,0.716546,-1.5168018,1.3653598,0.7031966,-0.74192727,0.22794254,-0.7443929,-1.9388354,2.4125094,-1.4240637,2.0375288,1.3179325
1.7084087,-1.581633,-0.34236985,-0.7822452,-0.976056,-0.74386054,1.5704161,0.95694005,0.63394535,0.62406504,2.1333275,1.6054024,-1.5500044,-1.131825,0.070649736,-1.5925678,2.7127733,-1.1372836,1.499774,0.1796717
-0.040153332,-0.7044835,-1.4738709,-0.7875824,-2.290447,-0.64747727,2.2565193,10.222796,-1.3952676,-0.58008575,2.3570726,0.9890369,-0.33045852,0.6817937,-1.3511223,0.44999462,2.9889734,-1.6785258,2.0483801,0.7533143
3.1979659,-0.21760975,-1.3550425,-0.16447926,0.20844115,-0.15394902,0.8188302,0.9172449,-0.21085112,0.46660244,1.5508825,2.9133852,-0.921231,-1.183111,1.031211,-0.5562159,0.9379778,-0.86213565,0.47683227,1.6782292
0.94433266,-1.7324163,0.16664742,-1.4571896,-1.3574713,-0.99227893,-0.07371764,8.233179,0.33754468,-0.8971023,2.6509304,0.7866253,-2.2612636,1.1489328,-0.38732964,0.24374606,1.1334993,-1.1299784,2.5877624,1.5858829
1.2320063,-2.2909632,1.306762,0.5283171,-1.8421228,0.31214446,1.4420705,5.9925337,-0.9670655,-1.0014919,3.7930093,-0.076535754,-1.4883636,0.41282147,0.5457498,-0.42959505,2.534127,-1.5179822,2.7539983,-0.25788745
1.2316117,-0.7898795,-1.6738698,-0.8005447,-2.1040344,-0.73173285,2.009447,3.8172762,0.32373688,-0.11739002,1.4456416,1.7242085,-1.5372974,-0.35045275,-1.0482497,0.20340505,1.3924341,-1.2149308,1.7031851,0.55426735
0.7718104,-1.8406712,-0.48890308,0.013962686,-2.9421883,-0.53819185,2.4768798,10.402301,0.7645385,-1.0463448,3.2619371,2.5416884,-1.49864,2.006289,-0.5963511,-0.2640238,1.6305511,-1.9278364,1.9630042,0.3936665
-0.34672314,-1.0107069,-0.5296775,-0.9491367,-2.168926,0.22495784,-0.09788571,7.930063,0.7221307,-0.61326456,1.3369035,1.182216,-1.55055,0.71299887,-0.94197494,-0.72600603,2.0830538,-1.5275359,1.5021992,0.2328388
-0.37605497,-1.3034922,-1.0128673,-0.32936302,-1.9588175,-0.26400375,1.1946594,10.888194,0.023382576,-1.1983972,1.9283111,1.0784396,-1.5412555,1.3878025,0.0046033035,-1.0355228,1.1802567,-1.8789314,0.42382464,0.8372245
3.4260402,-0.026318368,-0.5121261,1.8105521,-0.8420988,-1.8773575,0.72214466,1.045271,1.3523173,0.78528655,3.2342823,0.8061072,-0.8908073,-0.6628077,2.4493504,-0.03364237,0.9241912,0.22003452,1.1964068,1.6076596
3.541449,-1.5116946,-1.0937394,0.3382854,-1.3393492,-1.999964,2.160495,1.7123466,0.41390336,0.82944554,2.1166775,2.467093,-1.3716205,-1.0647587,-0.88614756,-0.5876186,1.466338,-1.2204976,1.7859857,2.8638046
2.2854388,-1.0889454,-1.3024018,0.14930405,-1.7763284,-0.8157275,0.9940997,6.403279,1.2855599,0.6918112,2.8268704,2.6400838,-1.2011629,-0.20921525,1.1201606,-1.6284224,1.227973,-0.7369494,2.0066426,1.1261939
1.8390937,-0.7750809,-2.4064128,-0.5129332,-1.0533948,0.5893035,1.1582892,5.117592,0.1489332,-0.3041676,0.6579948,2.5385745,-1.9433984,-0.20000792,-0.86830366,-0.6714808,2.3745465,-1.3990589,2.9977632,0.4095275
1.1356343,-0.9362295,-0.6922601,-1.168925,-1.7328223,1.185319,1.6083748,10.495444,1.0934864,-2.3452878,0.7913198,1.5704839,-1.911278,0.9637398,-0.798681,0.44113743,1.0863583,-1.6543777,2.164707,0.9682342
0.942797,-0.9383554,0.63229895,-0.42987797,-2.1959798,-0.6718072,0.99159354,9.956845,-0.90792865,-0.59019274,1.6352999,2.6728137,-1.148867,1.1621265,-0.63674563,-2.2233107,1.525659,-0.9119255,0.4560893,1.9981824
0.82838744,0.074229255,0.7386666,1.041001,-1.579033,-1.4149544,-0.4561178,-0.5436764,0.09996976,2.7102783,0.76959723,1.1419755,1.0985053,-1.477628,-0.17006631,-2.6516044,0.5084782,0.3992481,0.4732274,1.0284241
1.4721897,-0.21222742,0.31345022,-0.010678354,-0.25854093,0.2773393,-1.1763943,0.60856515,0.17452006,1.41704,0.71181214,0.122730225,-0.8663362,-0.50409454,1.3333141,-0.40344158,0.36068913,0.24136049,0.06774971,-0.4418609
-0.06823726,-1.5781747,-0.14350669,-0.8338997,-0.7474252,0.63629913,2.1180153,4.8282166,1.5371493,-0.5573232,2.0569885,3.2625153,-1.8148673,0.6386909,-1.6603286,-2.683516,0.20327413,-1.7591369,2.103883,-0.6204587
1.5315398,0.49276766,0.99974805,-1.6123842,-1.2072788,-1.4521207,-0.9122126,-0.15424079,0.7741468,1.9817183,0.4134493,0.65507084,0.03437306,-1.0895815,0.76192474,-0.006229494,1.1970627,-0.1724262,0.92237365,1.7873503
2.4857764,-0.26776323,-0.773902,-1.106803,-1.7952971,0.31194422,1.1161488,1.8402907,0.3249441,-0.78940594,3.5515065,1.6978238,-1.0698941,-0.5342902,-0.5724431,0.45564094,1.6925192,-1.0898658,1.9954126,0.4746943
-0.36593506,-2.094934,-0.067420885,-0.1897514,-1.9866647,0.9432675,0.67731154,5.234444,0.024597567,-1.4635859,2.1696117,1.8597108,-2.3638594,0.5107894,-0.77805114,-1.453877,1.717857,-1.4953644,1.8582302,0.012458629
1.1376959,0.70058936,-0.6227396,0.029417375,-0.95105773,0.7246607,-0.74586517,1.7143757,0.18902226,0.18523847,2.9915388,1.5321761,-0.6752819,-0.7580814,-0.1352179,-0.3824595,-0.18096669,0.3569611,1.1624002,0.13549362
0.8710086,-0.40897065,0.5581922,0.7512936,-2.3328483,0.87030756,1.1585822,6.2697434,-0.032742247,-1.295269,3.1902936,0.5163828,-1.8315433,0.77149135,-0.48033023,-0.25044724,2.1200564,-2.082305,1.3051778,1.6307129
0.031844016,-0.9098994,-0.5271616,-1.013746,-1.9085578,0.099218965,2.031198,6.5428367,0.7730798,-0.9646724,1.6069269,2.501967,-1.033261,0.31725627,-1.2656732,-0.5578992,2.1544478,-1.245802,1.9217588,2.6553712
3.6634166,-1.5182123,-1.106086,0.19998407,-1.7340924,0.86632687,1.0366019,5.8383665,1.0042343,0.12141975,4.0822372,2.0879333,-1.2822059,-0.3054785,0.695104,-1.1953201,3.5133784,-1.409525,1.6733443,0.55103844
1.1332891,0.12359488,-1.1992018,-0.23820224,-1.800349,-0.044645373,0.90429604,3.4821935,-0.06442808,-0.13070007,1.5979626,2.7360082,-1.0954331,-0.453806,-0.97433406,-0.7967136,1.206923,-0.8924845,2.2378042,0.54770947
2.0812411,0.48225856,-1.9727589,0.3445452,-1.3760785,-2.0662506,2.573242,0.021246076,0.10956148,1.0362031,2.944031,1.9563805,-0.55545557,-1.2723818,0.28005704,-1.594902,2.3142662,-0.86982536,1.7962586,1.8940289
0.973766,-1.7274842,-0.8829729,-0.23472793,-2.5151875,-0.55926526,1.8463624,10.674445,1.1817375,-1.1371716,2.734087,2.251954,-1.525087,1.817942,-1.0221748,-0.23388568,1.9631062,-1.8460591,2.0675879,0.14984491
0.73068523,-1.4130208,0.33758077,-1.4772015,-1.6066101,-0.60217273,0.4395262,8.400749,-0.19233029,-0.7756709,2.508023,1.3658234,-2.0085433,0.8731842,0.23383395,0.2846011,0.6768747,-1.0830241,2.6194606,0.81218404
1.6132642,-1.7178046,-1.284775,-1.3489896,-1.6616483,0.18487525,0.34483266,4.5569234,0.7723088,-0.43920425,1.1370841,3.391784,-1.4715995,0.3009533,0.33983588,-0.7533953,2.714902,-2.0180504,1.3610048,1.3173397
0.1378736,-1.880336,-0.397266,0.6393789,-1.6702565,0.8074479,0.6153082,6.5515785,-0.2769887,-1.1126642,2.0569167,2.337801,-1.724065,1.3820764,0.26721415,-1.3481674,1.928346,-1.9686351,1.5752233,1.3440439
0.77214545,0.18830878,-0.17726853,-1.7742722,-1.838693,0.3962336,1.2165464,4.7062044,-0.48186022,-0.006249767,2.1420078,2.5517826,-2.3465967,0.24374466,-1.726758,0.027794123,1.4314611,-1.0353401,2.0662935,1.1610868
0.5219215,-0.53049046,0.84656435,-0.5483915,-1.8910685,0.7293279,1.4369099,8.692094,-0.48722702,-0.683111,1.4156958,1.944165,-1.4859124,1.9732473,-0.79331917,-2.9430528,1.4129509,-1.2060666,0.9379005,1.641091
0.109852724,-1.0006396,-0.36526844,-1.5672901,-2.0070999,-0.48774114,1.6237409,6.5598965,-0.019307058,-1.0723667,1.0412347,3.1894119,-1.0184807,-0.30919668,-1.549655,-0.41563433,1.9835155,-1.3979719,1.3969269,1.1408327
2.9468641,-1.2023965,-0.040973764,-0.5556351,-1.9074167,-0.5006589,2.4025102,3.3155434,0.43915397,-0.030783288,2.3295496,4.04847,-1.2968248,-0.15221159,0.11120677,-0.27139187,1.5627059,-1.8005211,0.9078678,0.74036753
1.8461504,-2.0362113,-2.0469713,0.5582539,-1.048227,-1.0415213,1.3818207,0.630077,1.0479409,0.42744505,2.7913444,3.6295502,-1.245037,-0.7406607,0.5805128,-1.0672542,2.448167,-1.3856517,1.6007884,-0.0754032
2.1718888,-0.22649482,0.56361073,-1.2861347,-2.1550071,2.2774951,1.820249,8.721675,-1.4073585,-1.0563284,1.2996856,1.0904865,-1.3872377,1.7410852,-1.2668988,-2.1434116,1.3692584,-0.95316976,2.4150326,0.28621018
0.043999225,0.20279469,-1.1030166,-0.8447886,-2.0602202,0.7957861,1.1178254,10.504611,-1.5354508,-1.0864573,1.145985,2.5661178,-1.0737498,2.6477413,-0.28189215,-0.8620049,2.985871,-1.5780424,1.973622,0.9086545
3.116308,-0.60060155,-0.45524576,0.049958613,-2.1044977,-1.4597939,0.25808156,1.9398688,1.2339758,1.3321074,2.2577753,2.9761865,-1.3317708,-0.82595044,0.7484999,-0.15665945,2.6566756,-0.38042465,2.1337116,1.0200148
0.17036143,0.32484227,-1.1866976,0.37862667,-1.6192454,-0.6093675,0.013410363,1.5384582,-0.61744475,0.77273303,1.6458932,0.8998979,-1.26194,-0.8114821,0.9163869,-0.54164225,-0.057373453,-0.8664632,0.6600843,-1.2051555
1.313642,0.56869453,-0.050610784,-1.0514435,-1.3326008,0.5597047,1.3253404,7.195446,0.07992911,-1.4260768,2.2425199,1.1633226,-1.0444108,0.19618988,-0.36226666,-1.0570859,1.6681939,-1.3616403,2.738075,0.62940615
4.044478,0.16061966,-0.08887272,0.33480868,-1.0841055,-0.565891,0.1838583,2.1465032,1.3945665,0.17079666,2.5692582,2.4550316,-2.1052706,-0.8745249,-0.1403684,-1.3942666,1.061774,-1.5955821,1.6075262,1.3651203
-0.84909713,-1.2205545,-0.19800644,-1.203107,-1.9427482,0.46959487,1.8840816,7.484677,-0.18410437,-1.6123741,1.9040604,0.9591448,-1.2821386,-0.118482135,-0.5990149,-1.1702697,1.8221725,-1.5200827,1.2273582,-0.41660947
3.0648265,0.896519,0.69021475,-0.07248669,-0.8644576,-0.68085176,-1.35107,0.63876206,1.0014184,1.156868,2.4083812,0.53860927,-0.98350245,-1.2186815,-0.4298989,-0.98586136,1.4835466,-0.5892266,2.0558615,2.4249487
-0.4977705,-1.776302,-1.3363928,-0.53832906,-2.0827374,0.6034053,0.9663953,9.799833,0.4802567,-1.4628848,3.0252025,1.0414838,-1.4812977,1.6898117,-0.62538445,-0.6293554,1.775682,-1.981632,0.95977026,0.3112327
0.95297116,-0.61548346,-0.05343455,-0.73124295,-2.5596402,-0.035174813,1.4620761,8.55642,0.19629736,-1.1662742,2.1460845,1.804442,-0.25317803,1.0799257,1.3810298,-0.6483537,1.9024262,-1.0066069,2.9649837,2.695778
1.2345161,0.50083417,-0.183072,-0.6752196,-1.7398258,0.96990275,0.7417601,7.204862,0.7813739,-1.7740259,1.8964529,1.0371106,-0.90244675,0.41011402,-1.098326,-1.6272069,2.003147,-1.376316,2.4507189,1.1049495
1.6063254,-0.80904996,0.28913692,0.31015214,-2.0825047,0.48614278,2.127047,5.6578174,-0.77548826,-1.0560696,1.8190086,2.6443384,-1.9866633,0.2804548,-0.3010314,-1.4416697,0.1445831,-1.6000608,1.8902972,1.7409433
0.5285942,-1.2478839,-1.0465201,-1.4434947,-2.5439258,-1.0895039,-0.14136812,9.179563,1.1627868,-1.1176715,2.8384647,0.8406087,-1.5297413,2.0515513,-0.012201097,-0.48352972,2.0049696,-1.6530923,1.7302505,0.4907663
3.1851282,-1.7128259,-1.7109332,0.6704673,-2.7018256,-1.3868699,1.4093337,1.2731228,2.2208495,0.6670305,4.246603,3.3570845,-1.060693,-1.0892369,-0.42411378,1.5967734,1.3584931,-1.5334023,1.9931241,0.7719848
2.6458783,-0.79324543,0.91984755,0.82193613,-0.52185696,-0.4750617,1.8020681,-0.5700034,-0.04921562,1.1456304,3.3253474,0.44127184,-0.1093029,-1.5293565,-0.24638441,1.2032087,1.0561926,-0.1554774,1.5950171,2.2031887
2.8058128,0.6788081,0.4422384,0.42468908,-0.85964876,-0.58120763,-0.90939564,0.8661937,0.64905393,1.0637513,2.4087284,0.6825638,-0.7073467,-1.2949753,0.28430006,-0.4988277,1.6552681,-0.34834278,2.0098739,2.1506083
1.1995914,-1.9000021,0.51381266,-0.90021425,-1.9179199,0.217181,1.6620128,10.303542,-0.81484866,-0.8767293,1.8575022,3.6071002,-1.2614492,0.3281952,-1.3670601,-2.2194822,2.000369,-0.973132,0.10101979,0.62918645
0.8518714,-0.56708765,-0.2857877,-2.3793263,-1.8613343,1.6888266,2.039175,9.029096,0.9430977,-0.82095504,2.0116038,2.76699,-1.942982,0.70350474,-0.603705,-0.6833407,2.0003388,-2.407891,1.675957,-1.6959146
0.87211466,-0.34030706,-0.58978254,-0.03699977,-2.88067,-0.34966394,1.0210555,5.1956086,-0.1384048,-0.81265265,4.02739,1.2764856,-1.249968,0.3528767,-0.61908174,-1.631851,1.7743813,-1.4447448,2.3781831,0.7656867
0.72612786,-1.0662817,0.2758474,-0.8767502,-2.268376,-0.5457039,0.99225426,10.016951,-0.2839604,-0.9391265,2.903049,2.2450132,-1.2885387,1.2664558,-1.0277714,-2.8960617,2.3329222,-0.90534246,0.49418387,2.2902641
1.9701791,-1.4488134,-1.3204365,-1.3310426,-1.5082492,0.50678974,0.56211776,5.0845475,-0.11899073,-0.883037,1.4875971,1.9144274,-1.2906505,0.6785708,-0.65862435,-1.2670593,1.5233449,-1.4335994,1.8040036,0.06307444
-0.3405507,-0.21286404,-0.44965306,-0.53443605,-1.3547884,1.5223819,1.5906807,7.1352043,1.2225902,-0.6414972,2.2636366,2.4222844,-1.2864227,0.68552387,-0.50767,-1.1392928,2.367231,-1.4096217,1.7992396,0.58887017
1.8605697,-0.3714289,-1.4056207,-0.64901656,-2.2251158,0.3473314,2.1657515,10.246434,-0.40584663,-0.9622733,1.7266521,3.307506,-1.1778523,1.753099,-1.8491229,-2.5213265,1.7159803,-2.1036522,1.3238897,-1.6487617
2.4377532,-0.99057925,-0.38770035,-0.44437876,-1.6333485,-0.3288718,3.261974,4.452514,0.3926968,-0.6548511,1.980014,2.8131547,-1.469228,-0.37325874,0.054919027,-0.35537583,1.35427,-1.5299196,1.7593657,-0.45854378
1.4844517,-0.69693536,-2.3625526,0.3740021,-0.976391,-0.5415346,2.7936347,1.3059232,0.035053555,0.477235,2.9095206,2.599291,-0.9236383,-1.0273734,-0.56137127,-0.4142008,1.181049,-1.222632,1.9733225,-0.90694255
0.8708119,-0.21084358,-1.8713291,-0.51154804,-2.0503783,0.019570408,1.5525869,7.369642,-0.10515607,-1.1462687,2.6880987,0.66982526,-0.6792147,1.045752,1.174506,-1.3903985,2.6372263,-1.7710644,2.0240085,0.0949828
3.7868044,-1.9372686,0.6460603,0.11916471,-0.65106153,0.43115485,2.0682185,1.8809702,1.2369546,0.3749746,1.4923053,2.323299,-1.6669099,-1.0533689,0.17573008,0.020183742,2.6006675,-1.6314687,0.673318,1.4807736
0.46137372,-0.38911507,-1.2094499,-2.1714158,-2.4339356,-0.36057597,1.3444778,6.6279683,0.5489666,-1.1281682,1.4527054,2.1101038,-2.6109042,1.6249743,-0.90307355,-0.8916047,-0.09767824,-1.3267817,1.4034865,1.5707046
1.3020366,-0.20889355,0.77305156,-0.05707582,-0.27284557,0.5385958,-1.022597,0.4541324,0.24620843,1.276008,0.9614282,0.12527265,-0.8057108,-0.5251268,0.9379315,-0.32386813,0.17607012,0.24889615,0.026405185,-0.14409198
2.734704,-0.57149386,-0.20251453,1.243866,-1.8171531,0.1380759,1.3161432,1.8561268,-0.6470146,0.37286884,2.1483107,1.9845703,-1.8385144,-0.82041854,-0.1700249,-0.9678281,1.2322195,-1.3679255,2.4422286,1.7038554
-0.8482595,-1.4176105,-2.0444436,-1.0520298,-2.1733801,2.2763016,0.33959284,8.052017,0.14969715,-0.6519234,4.1712523,2.804159,-1.4675076,1.67806,-0.81870794,-0.79799914,1.9314876,-1.5828162,1.8421447,1.9049177
1.2042592,-0.3037044,-3.2886925,-0.8101254,-1.5301275,0.6486245,0.97456527,5.6979237,1.3437551,-0.53451025,1.4083889,2.9173963,-1.3687838,0.25946862,-0.92689145,-0.21991333,2.1598372,-1.0506781,3.173061,1.9590119
0.89613557,-0.8566552,-1.3323113,-0.46057707,-1.944622,-0.20802595,0.9521024,10.47633,-0.6403865,-0.7769175,2.711914,2.4915206,-1.6102583,1.5844115,-1.7572677,-0.9997051,1.3946002,-2.0791185,1.6421282,0.30844885
1.0173346,-0.64747494,-3.3276258,0.3446788,-1.8295445,1.3199017,1.8700243,4.8156753,-0.8319511,-0.3458549,1.2372373,2.4184043,-0.8566921,-0.41723308,-2.3414576,-0.2233326,0.6862195,-1.8356866,3.5632966,-0.07606078
1.594162,0.6633379,-0.8261589,0.32399058,-0.84496677,-1.4120251,0.9628831,1.3916942,1.8513107,-0.38055936,0.7530555,1.086805,-0.064039044,-1.0477158,0.13987353,-1.5761057,1.9731194,-0.0048400606,1.552144,1.4403259
3.7315464,-1.5745407,-1.7046843,-0.38764548,-2.031119,-0.24265468,0.9057686,1.2249173,2.1289022,1.8034655,3.7576392,2.3370004,-1.5144141,-0.88983375,-0.14203559,0.7360635,1.976344,-1.040183,2.4658716,0.036840994
1.7902125,-0.032497592,-1.3334455,-0.961337,-1.7892114,-1.0566373,1.5401998,1.41138,0.4830572,0.23026438,1.3915861,1.8681808,-0.7627227,-1.177879,-0.5105029,0.30736533,2.0355945,-0.28402394,1.0664266,0.9829181
0.8842296,-0.47417444,0.14785144,-1.1788462,-1.8310239,0.32410443,1.4040186,6.8040767,0.7536679,-1.7195733,3.261654,1.3497515,-1.0297911,0.7800235,1.4105359,-1.1658224,1.885917,-1.3598914,2.2218955,-0.2851286
2.0129135,-0.99061763,-1.5823295,-0.77443355,-1.7913749,0.5371244,1.8012954,6.103018,1.020393,-0.85156256,1.1262436,3.135535,-1.0768629,-0.019788794,1.4523029,-1.9815372,2.3171985,-2.0557117,2.30584,0.15448393
3.3213916,-0.5595174,0.47699803,1.3519534,-0.27480066,-1.4202757,0.23422316,-0.27615443,1.0524229,0.79308295,3.091803,1.6748521,-0.20622441,-1.7880728,1.3362355,-1.8915315,-0.29302925,-0.6749397,-0.535059,-0.31137127
3.9631147,-0.1573481,-0.72527426,2.6989596,-2.0591698,-1.9642525,0.2381421,2.7822769,0.67620546,0.9076893,1.6735997,1.3643619,-0.9200349,-0.887145,0.13334024,-0.29651824,1.6922852,-1.0763195,0.8069707,0.93990475
3.1587312,-1.2438687,-2.5370295,0.33002058,-0.8895979,-0.6208612,2.694266,1.195169,1.5487638,1.0451008,3.5488932,2.4573698,-1.1409262,-1.073317,-0.9233679,-0.9396999,1.5097128,-1.3317931,1.6025541,-0.25316837
-0.076937646,-0.67553383,-1.4500973,-1.8705056,-2.3233578,-0.4962591,1.7505548,7.672915,0.93320227,-1.2063588,1.3147489,2.002897,-2.6649537,1.5348986,-0.5697049,-0.48302507,0.42833385,-1.4463868,0.73191947,1.733293
1.8993899,-1.1637391,-1.4773927,-0.8846524,-1.8128442,0.32080975,1.9896909,6.1322494,0.74077696,-0.9141079,1.00457,3.148567,-1.1289037,0.16662766,1.3991532,-1.8893713,2.5472152,-1.927031,2.5099168,-0.10429726
1.3610102,-0.7108998,-2.3547695,-0.5507174,-1.4676017,0.60961455,1.6971087,5.291075,-0.20900992,-0.40172035,0.7556015,2.8389723,-1.5527533,-0.076335825,-1.0839791,-0.63965255,2.1451902,-1.4270381,2.9549294,1.4738579
1.4947175,-0.36194292,-0.3069734,-1.3006487,-0.707575,-0.5980156,1.3408008,0.5246134,2.3188577,-0.56540006,2.6817482,1.4746996,-1.5818511,-1.0806663,-0.567085,-0.031815622,0.75434834,-0.9578604,2.4719713,2.3245199
0.8058047,-0.6793702,-0.9075101,-0.7749768,-1.9048731,-0.5579096,1.243146,7.633011,3.0382717,-1.239602,1.2355311,1.7884117,-1.6274145,0.6661467,-1.6117827,-0.46165398,1.5756695,-1.0661088,2.9880888,1.8221569
4.539208,-0.7677964,-1.9858139,1.7670869,-2.3868084,-1.2216908,-0.30720308,3.0243359,1.2436335,0.60142344,2.2282755,1.6356469,-1.259158,-1.1414759,0.7691709,0.4027298,2.351264,-1.3676457,0.69091046,0.10216333
2.1779919,-0.17755722,-2.0642414,0.062017817,-1.8712616,-0.29610968,2.7420425,4.816949,-0.30679515,-0.39339092,1.4221902,2.0229516,-1.7197056,0.17486739,-0.6730246,0.6002113,1.5619628,-1.982137,4.240393,-0.3080731
0.8019769,0.6348212,-0.82578075,-0.13484865,-1.1862583,0.9125866,-0.026357071,1.9541689,0.5920193,0.56675047,4.119896,1.2308902,-0.74938065,-0.90381783,-0.1281492,-0.73294765,0.08770641,0.035558242,1.2412825,0.6782325
-0.2962596,-1.9211357,-0.6517495,0.23077108,-1.8674433,1.048128,0.6979502,5.6361036,0.1684391,-1.6542262,1.8440969,1.5252764,-2.282219,0.68782765,-0.8304654,-1.3472027,1.959874,-1.7298789,2.0895457,-0.100070976
4.7432146,-1.1663661,-0.96441954,2.6231775,-2.3016863,-1.2865268,0.99241686,2.2883666,2.1047854,0.94151,1.5503993,2.2670712,-1.186884,-0.64800197,1.5148519,0.78363913,1.6973716,-0.62628585,1.1772223,0.3417114
0.15464868,-0.17072873,-0.97389776,-0.6115788,-2.0818462,1.0068657,1.4237351,11.19998,-1.4770352,-1.1693903,1.304856,2.1444747,-0.7376848,2.523584,-0.6049964,-1.1096961,2.9229517,-1.887736,1.8449551,1.3176527
2.8222196,0.078306295,-0.3921439,0.5267695,-0.68217313,0.5420508,-0.962142,1.1367415,0.3621359,0.29298073,3.1095083,0.9364455,-1.0626562,-1.1278782,0.81975806,-1.6356657,1.4802932,-0.8771296,1.6952478,0.1095461
0.16445923,-0.9845185,-0.56611633,-2.2664242,-2.6969469,0.27358612,1.857844,7.4877777,-0.82251406,-1.1116185,-0.04100738,1.153675,-1.9228953,0.8833173,-0.418448,-0.9375323,0.22757037,-1.8346494,1.8110701,1.893608
1.2379715,-2.017313,1.1672516,0.55649734,-1.7770939,0.65819645,1.2775794,5.8839145,-1.1618675,-0.9132071,3.76301,0.08431409,-1.2758213,0.4385711,0.63992184,-0.4758092,2.7255516,-1.5198559,2.4120567,-0.18187904
2.1258779,-0.23740757,-1.5440875,0.59681296,-0.5559052,0.4776621,1.4846934,2.6299496,0.21636803,0.37725884,2.395668,1.1198466,-0.5568813,-1.5175856,-1.380137,-0.6131282,-0.5125179,-0.48120192,1.718443,-0.20318654
2.3931487,0.6938877,-1.2928951,0.58284897,-0.6651745,-0.63783944,0.06557237,2.1257215,1.8848,0.5728518,2.0266776,2.698441,-1.6376055,-0.72740525,0.30718544,-1.760517,0.28181985,-1.1559857,1.7537466,1.0463179
0.72535974,-0.8553569,-2.253662,-0.9610206,-1.8153212,-0.24121667,0.4842077,8.435365,0.8325268,-1.2185555,0.70015687,1.3264014,-2.1248553,1.8530103,-0.4487072,-1.1011326,1.7183201,-1.6174498,1.5639322,0.3717384
3.0488522,0.18558443,0.0064928383,-0.45634848,-2.3756776,-1.3703715,-0.035464123,0.99571157,1.8472941,0.6730523,4.0241876,2.219175,-1.7568132,-1.2147754,0.8367456,-0.40760687,3.2340114,-2.0385485,1.8780423,2.244609
0.85961276,-1.1498442,-1.9060093,-1.5575548,-0.79369044,0.32139355,0.90462065,5.657447,0.8973141,0.25425255,1.4442931,4.3964634,-1.897734,0.43808922,-0.2672728,0.77072525,1.843145,-1.5460057,2.721357,0.25435624
-0.2618258,-0.19194199,-1.2626195,-1.3929038,-2.3635125,0.105771475,1.5010265,9.000697,-1.5868424,-1.1216854,1.6791981,1.1863886,-0.16807105,0.9002662,-1.0348185,0.0686498,2.738022,-1.4167105,1.9261001,0.87808955
2.9000247,-1.3581171,-1.5366644,0.64499366,-1.6648936,-1.1674956,1.8809026,0.3262959,0.69103825,1.9514135,1.6760918,1.4660242,-1.5840874,-0.7361225,-0.46213123,-1.9501787,0.74355596,-1.4661977,2.696521,1.374503
3.4656887,0.8053933,0.7442993,-0.16454151,-0.91320276,-0.6071806,-1.497212,0.5762354,0.7832985,0.87750715,2.5032437,0.7206672,-0.90318406,-1.2249678,-0.5142306,-1.2997708,1.2556229,-0.57497436,2.1246705,2.4085703
0.83549494,0.08313915,-0.90092134,-0.6569869,-1.7414142,3.0350678,0.8760464,8.0084095,1.7392821,-0.25068298,2.4750888,1.7853115,-1.655819,0.596155,-1.1515079,0.36859927,2.0432634,-1.8070987,2.0841641,-0.5856577
2.5854065,-2.6698956,-1.2951659,0.46731487,-1.3735335,1.870681,1.5470047,5.0435047,2.4200778,0.68501943,3.1354587,3.2556198,-0.8217409,0.23202375,0.75942945,0.82208294,0.46193343,-1.4310391,3.046147,0.02403535
2.5854397,-0.40657276,-0.47069708,-0.23911284,-2.8176281,0.06208694,0.7135105,7.147414,0.19791147,-0.15473954,3.969733,1.2832845,-1.0008259,1.3660324,0.13266307,-1.3458264,2.6954703,-1.0668911,2.3138158,1.5312128
-0.09712434,-0.96494627,-1.6164026,-0.61973435,-1.9373189,0.26987365,1.3815162,5.979502,0.7433754,-1.1462297,2.7703252,1.7092682,-2.0839753,0.36873856,-1.318789,-1.6142968,2.2675514,-2.2155676,1.9315668,1.2740111
2.012005,-1.228396,0.21308595,-0.14991164,-1.7679229,1.555973,1.0587373,6.692888,1.0136563,-0.45723215,4.1292396,1.6758626,-0.9355662,-0.13560486,0.003414881,-0.37841538,3.5242903,-0.9377188,1.8638877,0.99280185
0.84071076,0.28696686,-0.95339346,-0.9983009,-0.7773059,-1.1503985,0.026910355,0.4219818,2.072824,0.33196265,2.0538187,2.2485223,-0.7190223,-1.1395129,0.13712978,0.22025064,0.7577372,-0.35212073,1.0032556,1.3792847
3.2950242,-1.7196937,-1.7717142,-0.3580726,-2.1267552,-0.27300146,1.2707567,1.2741483,2.2757008,1.3445451,3.9855082,2.0855901,-1.4489319,-0.95397043,-0.1889324,0.6281489,1.8512741,-0.99601257,2.523364,0.23658049
1.4481308,-0.3018212,1.5019207,1.73342,-1.5698005,-0.7862657,-0.13583875,-0.75261265,-0.25511247,1.971958,0.6279862,0.9541434,0.2886086,-1.3376948,0.9519027,-2.5090888,1.1130583,1.1150506,0.409408,1.742436
-0.6620785,-1.1238897,0.08715128,-0.84104043,-2.1138968,-1.6431729,0.41414183,8.253334,-0.41076592,-1.5287455,2.8782012,0.99530894,-2.1292787,0.8640318,-0.55253243,1.8457594,-0.04672992,-0.8411378,2.1147656,0.6581868
2.855848,-0.5825831,-1.0892183,-0.6338221,-0.59423244,0.099767216,0.27214286,1.6016617,2.4474108,0.16851632,0.63751805,0.9802626,-1.079794,-1.0304691,-1.250963,-0.9021549,1.380912,-0.092398465,0.6257184,0.06688749
1.0399557,-1.35897,-0.21272214,-1.0309716,-1.7621896,0.6859099,0.20264696,6.4801497,-0.25496662,-0.690297,2.5102468,1.4451526,-1.1288625,0.5349922,0.11698038,-1.1362076,1.9400556,-1.0735475,1.391908,0.81830865
1.9368839,-1.5544109,-0.8366686,-1.1076204,-1.5585366,0.39787528,0.44093555,5.3455405,-0.28480488,-0.6731939,1.8656695,1.9436363,-1.1141802,0.6258984,-0.333729,-1.1769447,1.7930496,-1.3783138,1.8419596,0.10582494
3.6567783,-0.82217866,-1.089799,1.3996419,-0.77700573,-0.5109044,-0.035336573,-0.19190693,0.8009879,0.7958252,0.8534993,1.0930912,-2.0143638,-0.9675533,1.7727745,0.24651654,0.45933306,0.18699066,1.4439739,1.6274507
1.6047769,-2.3018901,-0.83849686,0.79881114,-2.0667408,1.7493342,1.5971587,4.9555316,0.83930004,-1.0501255,3.046298,0.8613341,-1.0185916,0.27848613,0.6099229,-0.2341212,2.1622176,-0.8482664,2.3139038,0.9205351
-0.8323425,-0.08878786,-2.014725,-1.3686332,-2.3668644,0.64082986,0.6386369,8.930529,-0.8323951,-1.0825225,1.9146276,1.9338382,-1.0565474,2.773791,-0.8596704,-1.8580745,1.0648799,-1.5247755,1.7781154,1.3049539
-0.29384315,-0.5590401,-1.6129866,0.0038732246,-1.5735401,0.702629,1.8902378,6.193195,-0.4940412,-1.1232836,1.1786975,2.6199362,-1.6545833,0.6730305,0.6165548,-0.0034031048,1.8577557,-2.9912474,2.1718242,2.2140293
0.77451694,-1.6587349,1.6136274,0.32381156,-1.9888476,-0.22242205,-0.4746752,6.6845903,0.04361783,-1.5458497,1.7694046,0.78092784,-1.1772407,0.17649095,-0.03998338,0.17847642,1.919959,-1.255024,3.0972016,0.8263798
1.6155884,-0.80545896,-1.5094228,-0.32281813,-2.2016985,2.6395667,1.9345269,7.399448,0.6609414,-1.5241631,0.9640875,0.9008018,-1.4436743,0.8918865,-1.5332404,-0.5833664,2.5974076,-1.5628393,2.2836478,-0.60158855
-0.5869398,-0.86242986,0.7416549,-0.7193828,-1.6092751,0.834692,0.5210576,8.643801,-1.8277663,-1.0913883,0.554157,2.6698713,-1.9733745,0.1608199,-0.28439552,-0.90805584,3.2900014,-2.477048,2.8666248,0.78353846
3.1303859,-0.83275956,0.51809514,1.2979789,-0.4639492,-1.5189767,0.4234293,-0.36255002,0.62362105,0.6030321,2.738583,1.6499609,-0.29451725,-1.8106965,1.056883,-1.95977,-0.32653737,-0.37880453,-0.42204344,0.008252366
0.3427681,-1.6300294,-3.3126848,0.03094438,-1.3744985,0.5939005,2.6851609,6.5007696,-0.7885748,-0.7961042,0.9992964,3.3371303,-1.3657092,-0.07598381,-1.5925822,0.49801353,1.5182575,-1.5994824,2.9149632,0.114934064
0.33305034,-0.017077072,-0.37778062,0.59458137,-2.6773238,0.94641054,0.8642971,4.5663,-0.6936102,-0.73012483,2.645834,1.8720943,-1.620253,0.46544263,0.11241273,-0.8644949,2.4637897,-2.1729589,1.3982477,1.4010316
-0.33562613,-0.04654104,-1.3399978,-1.4545014,-2.299341,-0.09593773,1.5684856,8.54886,-2.1403944,-0.92658466,1.8732325,1.2519838,-0.49535567,1.353014,-1.2977278,0.3951146,2.7146447,-1.4579319,1.8394852,1.3809874
-0.4326845,-0.862699,-1.9372422,-0.3935029,-1.1948277,-0.23962048,1.7785723,5.39616,-0.5055162,0.08042266,1.3571898,2.5232596,-2.373411,-0.23345341,-0.7170301,-2.5923662,-0.08428547,-1.1497688,1.8330947,1.6846299
1.8226513,-0.18018766,-1.4197847,-1.620565,-2.213922,-0.74474514,2.792655,6.7589383,2.0575972,-1.1110417,1.6428974,3.3800406,-1.0204278,0.19786412,-0.6103392,0.9301513,3.2253761,-1.924842,2.1415443,1.471223
2.0057504,-0.06765632,-1.6410469,-0.5855524,-0.068869375,-0.017264744,0.29667693,0.8735702,1.9924093,1.1952317,0.38537985,1.5566903,-0.86585903,-1.3078908,-0.0047473633,-1.3057196,0.5876029,-0.055643387,0.5167711,0.66230065
2.8972044,-1.193303,-2.1152494,0.38663712,-1.3380045,-0.8146167,1.5083903,0.85612136,0.427169,1.3863512,1.7097862,1.2569054,-1.4416293,-0.94660175,-0.08515033,-1.1524403,1.2383804,-1.48433,3.0210497,2.8192112
-0.6426302,-1.850654,-1.1599758,0.67291695,-2.3002622,0.78353226,1.4157882,7.2829914,0.09677864,-0.9678319,1.9387256,1.6452945,-2.112108,-0.045969605,-1.5638642,-1.4538003,1.7099713,-1.1222569,1.8282105,-0.77319473
1.5936974,-1.6389081,-0.77563715,-0.25297746,-0.8615076,-0.8393449,2.281745,1.2847087,0.48536673,0.31809318,1.8327577,2.964827,-1.4559078,-1.3003228,-0.0657031,-1.0186385,2.2057126,-1.4918114,1.7231674,-0.022391139
1.2952986,-0.424174,-1.3502191,-1.3669733,-0.18732435,-0.361516,1.1434022,0.4592437,2.488267,-0.2114113,3.0922496,1.2061723,-1.527663,-1.0001124,-0.51386195,0.16391218,1.0639197,-1.0117788,2.4758465,2.458647
2.9422507,-1.5322833,-1.1687007,0.17915533,-1.5698229,0.7962784,1.0121236,5.8642693,0.8647502,0.16624409,4.053261,2.2804885,-1.1801629,-0.26863474,0.2183813,-1.0132406,3.7835925,-1.4821001,1.8074098,0.5572344
0.9075997,-0.2818875,-2.014963,-1.4522601,-1.27211,-0.71000844,0.6026482,4.6291413,1.4811008,0.89443564,1.2935078,3.4963534,-1.8449329,0.23982665,-0.92433,-0.2966336,1.4619111,-1.4690746,2.158903,1.5254916
-1.0883087,-1.363614,-1.3609681,-0.11497914,-2.4370599,1.1878908,0.0688846,6.1294823,0.20424531,-1.595777,2.3815923,2.8170693,-2.1212125,0.30216345,-1.707111,-1.1808616,1.5948069,-1.9073974,0.9171269,-0.09603565
3.5730133,-1.5426846,-1.0425186,0.34823993,-1.8207006,0.992503,0.11981652,5.0726814,1.4634254,0.34216353,4.8031034,2.953124,-1.4230092,-0.54242605,0.5703461,0.12647803,2.5190814,-1.4698024,2.4022255,-0.07666035
3.097333,-1.2870463,-0.22899535,-0.33925182,-1.7407537,-0.9195582,3.006778,4.5044475,-0.5888006,0.19011079,1.1228874,3.668403,-1.7400454,0.14826106,-0.7234734,-1.2660455,2.1555705,-1.8777659,0.7379589,-0.43725425
0.6673311,-0.8251283,-2.3691998,-0.9456931,-2.5840778,1.735869,0.35359326,8.616193,-0.25796807,-0.5194005,2.4714549,2.8963478,-1.4673296,1.4515569,-1.3935895,-1.497316,0.9145978,-1.223118,0.81961083,1.2234893
-0.09322533,-1.6218939,-1.141913,0.103285186,-1.970706,1.2812368,0.6279274,4.82027,-0.8733046,-1.0434191,1.6369611,3.1202285,-2.1231003,0.6160036,-1.7293048,-2.254157,1.7443646,-1.0417762,1.4134825,-0.87251675
-1.1507217,-0.38832945,-2.3170223,-0.98593044,-1.633133,1.0491426,1.2428064,10.527968,0.13947427,-1.6538619,0.6131285,1.7263962,-2.0373833,1.2055181,-1.1562204,-1.0593094,1.0640956,-2.2128928,1.8401778,-0.8836135
0.09824268,-0.45868936,0.054478046,-1.4409553,-2.119449,1.226758,1.6712756,8.651452,0.06931913,-0.92775965,2.6668117,0.9046764,-1.680059,0.75992376,0.03642645,-0.85036623,2.4238741,-0.86070174,1.0447783,-1.0846893
1.5844566,-1.8931528,-1.6163327,0.24121724,-1.1084735,-0.8757016,1.3630751,0.52425605,0.971893,0.52269614,2.9531496,3.529328,-1.1854181,-0.96786666,0.43483835,-1.1241596,2.359741,-1.5353451,1.3455291,0.121143356
0.2685002,-1.2186557,0.35861853,-0.95661086,-2.0725622,-0.42074037,1.3372208,9.5772085,-0.10157573,-0.9499288,2.1057098,1.840184,-1.4473032,1.723471,-0.59698856,-2.8646376,2.3430772,-0.91954887,0.7541834,2.3318565
2.969912,-2.130416,-0.99875253,-0.12949546,-2.0181315,0.841118,0.3448723,4.908506,1.196352,-0.32601133,3.6483889,2.7617285,-0.7023191,-0.21154222,0.27213693,-0.8003613,1.7995749,-1.0412066,1.830663,-0.3923385
0.84988916,-0.4996422,-0.98973864,-1.2368377,-1.731447,-0.61326593,1.6228797,7.806537,3.3790011,-1.2470474,1.3140463,1.681231,-1.9094294,0.52346396,-1.3951137,-0.58658636,1.5661775,-1.1145402,3.0443976,2.0104702
1.6532494,-1.4540985,-0.48736385,-1.7423955,-2.6694458,0.7707471,0.89573765,6.9612813,1.2734425,-1.9200381,1.3007071,0.6393631,-1.4480252,0.8660934,-0.002762442,-0.30849066,0.5315175,-1.2212936,1.1453114,1.5053864
0.7932328,0.13867994,-0.6501143,-2.8021543,-2.3837047,2.1636603,1.8959022,7.101202,0.46921796,-1.150979,2.6192338,2.1271563,-2.2248075,0.66582656,-0.6261933,-0.96794957,1.9159242,-2.0676157,2.0663655,-0.7348081
1.19548,-0.1959951,-2.0379722,-0.6579322,-2.1912758,0.016538806,0.35694742,7.583245,0.86827403,-0.568643,1.4029353,3.4463723,-1.448222,1.8894539,-0.39599594,-1.4101567,0.7137379,-2.6170805,2.1873703,0.7574492
1.8864578,-1.2418487,-0.9304538,-0.85206664,-1.4471961,0.14812939,1.4901222,5.126257,0.22322814,-1.0818617,2.4122562,2.912999,-1.3207625,0.6205434,-0.107874125,-0.08935372,2.2907808,-1.5713964,0.79443645,1.5012397
0.15316495,-1.3201216,-0.47161606,-1.3831476,-1.875985,-0.1387715,0.87029815,5.8240232,-0.41484144,-0.92166555,0.30980644,1.6666285,-1.5460722,0.6487182,-0.8986661,-1.6297563,2.5755968,-2.2895336,1.4281613,-1.5395298
1.8407618,-0.25223887,-1.7917085,0.37439647,-0.59387475,0.21941514,1.3949897,1.6794904,-0.04679694,0.14537615,2.4570854,2.0479338,-0.21989961,-1.3712903,-0.9436145,0.80036676,-0.0045180977,-0.5041904,1.3875432,0.27072597
4.330618,-0.14146975,-0.553952,2.3315094,-2.0935595,-1.7412655,0.30342892,2.4964876,0.8188649,0.95668554,1.9684271,1.6805916,-1.0819759,-0.96903,0.3687919,-0.43518484,1.9322306,-0.91662836,0.6690756,0.5760101
3.3601015,-1.3118379,-1.9184716,1.0806551,-1.4686058,-0.69144654,2.4717367,1.42035,0.60333705,1.4617983,2.7396526,1.8331747,-1.78968,-0.85305685,1.1630485,-0.46263164,0.15064591,-0.89276457,2.3032298,3.9017189
0.31503612,0.8490415,-0.19221212,-1.4726954,-0.13577662,-0.59000427,-0.5722524,0.782872,1.2261956,1.8914446,0.29056907,1.0034329,-0.028021147,-0.8489927,2.6844304,-0.7553613,1.2090592,-0.66280633,0.7001599,1.2820294
2.1258695,-1.8503387,-0.5252208,-1.0898519,-2.0710425,-0.2601123,1.278594,12.80145,-0.012654981,-1.4210136,1.4129226,1.6729598,-1.9546942,1.6030859,-0.5806735,-0.53497726,2.3121533,-1.184503,1.5317715,0.16397907
-0.37858582,-0.18142973,-0.8577709,-1.2021877,-2.063854,0.9704363,0.784387,10.522507,-1.2003286,-0.9852533,2.409763,2.7030659,-0.7553344,2.1696286,-0.2995839,-0.98168087,3.0449867,-1.8049527,1.7338953,1.2394
3.1220262,-0.61426985,-0.38803276,-0.2473461,-1.0353403,-1.3786502,0.010155587,0.50132465,0.96947855,0.48437265,2.7653897,2.1677601,-0.353919,-1.2367859,1.3730838,0.073866725,0.66441506,-0.40882152,1.1830403,1.2696735
1.4773996,-1.8515663,-2.8885322,-1.548142,-2.5861115,-0.28651083,1.2961078,6.59077,1.3395522,-0.40671688,1.9765177,2.334968,-1.2110425,0.4036089,-0.69369733,0.713442,2.029608,-1.4552606,1.7316314,1.6089321
2.7927115,-0.0020895405,0.2037722,-0.36805093,-1.0944593,-1.4477551,-0.84759575,-0.32880005,0.8996946,0.5398889,1.9370137,0.40390688,-0.41370824,-1.5608895,-0.07482,-0.6128338,0.91621083,-0.57244724,0.9040386,0.88405293
-0.071788974,-1.4773717,-0.48362622,-0.98624784,-1.9512206,0.09192492,1.5166333,6.853883,0.71261567,-0.70680135,1.6026108,1.9897858,-1.0236375,0.55271393,-1.2843388,-1.2570425,2.0714583,-1.335616,1.7813829,2.659406
4.7635865,0.6594017,-1.6206571,1.005551,-1.3776152,0.26463044,0.77435666,0.7680622,1.3799739,0.31588724,1.9423801,1.3250854,-0.4894038,-0.71630234,0.31304735,-1.4344828,1.4964178,0.6798275,1.717556,0.40280592
0.4621436,-0.13553253,-0.24589284,-2.1923432,-1.9620339,0.34681478,1.8288457,6.708078,0.20151335,-1.3751343,0.15071419,2.5700467,-2.5514672,2.2469192,-1.5084207,-0.35589376,0.25969034,-1.5601118,1.8336754,1.1645477
1.0504884,-0.64503187,-0.4977222,-1.0275762,-1.2553279,-0.28767753,0.80514807,5.099746,0.30900088,0.40676007,2.1476452,2.5488582,-1.6096879,-0.091874585,-0.15989183,-0.7683483,0.5758036,-1.5782487,2.2187955,-0.6167473
0.8706566,-1.0928376,0.11874275,-1.2487599,-2.15906,0.73810416,0.28398415,7.144781,0.8580028,-1.6594024,0.847066,1.5734421,-1.6576837,0.7903883,0.11953981,0.7821503,1.0463644,-1.268502,1.3081077,1.6187276
0.27092952,-0.2084985,-0.16197427,1.1452698,-1.3698566,0.32284543,-0.97903806,0.2037643,0.54775333,0.72037476,1.7455205,0.2543372,-0.9307491,-0.63950056,0.6815854,1.0825851,0.05332578,0.444872,0.42810988,-1.4606847
1.3475376,-0.544202,-0.18060349,-1.0190926,-2.0044706,-0.48775068,-0.11029695,6.2251883,-0.4022073,-0.76054937,1.8930345,1.7550888,-1.7199993,0.5512049,-0.35948494,-0.28977698,1.2967974,-0.6365358,2.1319196,1.0011913
3.8021588,0.77357745,-0.044434935,1.8719214,-0.54045033,-0.3070074,0.4659373,0.8684836,0.6611936,1.4008107,2.7733648,0.23535688,-0.9618388,-1.4039601,1.9281676,-0.3905755,0.8550785,-0.26272607,0.5629527,0.60542417
0.024494275,-1.2065333,-1.0570818,-1.1863708,-1.4146719,0.40197,1.3465858,9.798657,-0.23473948,-1.0786743,2.0447745,1.2374496,-1.3957206,1.8066832,-0.67550635,-0.6167513,1.5126636,-1.959961,1.5564955,0.5328751
0.092539504,-0.9241388,-0.76615953,-1.4630742,-2.4125507,0.34902945,0.25254354,7.1443796,0.43946302,-0.74125713,2.9765806,2.1219385,-1.296349,0.14272757,-1.0939817,-1.579511,2.197474,-1.5765576,1.3715231,0.28767985
3.460216,0.43478605,-1.4563469,1.2410091,-0.9943308,-1.6198719,1.89091,0.1548497,-0.107833646,0.79045856,2.574107,1.6459242,-0.7654129,-1.2244446,0.52141976,-1.4326199,2.1410866,-1.2553583,1.8124809,2.2608285
-0.67636245,-0.177941,-1.3740377,-0.8184092,-2.167869,0.43686008,0.6503971,9.6762905,-0.9168585,-1.1517836,1.5892022,1.0696803,-0.9927751,2.4695811,-1.1174474,-0.70784193,1.426308,-1.1388466,1.6219335,1.9445025
1.7084087,-1.581633,-0.34236985,-0.7822452,-0.976056,-0.74386054,1.5704161,0.95694005,0.63394535,0.62406504,2.1333275,1.6054024,-1.5500044,-1.131825,0.070649736,-1.5925678,2.7127733,-1.1372836,1.499774,0.1796717
0.6838056,0.26621324,-1.2765253,-1.0881282,-1.4654884,2.5009582,1.4771186,2.166126,-0.55537,0.95576733,3.603567,2.5761037,-2.2514136,-0.40572128,-1.2881931,-2.653684,0.29388434,-2.1991122,2.979527,-0.08941672
1.1852154,-1.1022229,-0.53123105,1.3068795,-1.9820015,0.3548894,1.2535757,5.565972,0.3040625,-0.2853718,0.9391231,3.0272615,-1.243715,0.17724042,-0.2587362,-2.5097735,0.25896743,-1.1426733,2.4197526,-1.5702658
2.8779643,-1.3003069,-0.2034912,0.15771233,-0.35668418,0.37233183,0.857541,1.194517,-0.46849424,0.4021883,0.80103326,2.2580838,-0.11369708,-1.0053159,0.3266091,0.22099116,1.6347698,-1.2339572,1.260052,1.9593251
3.8083482,0.032860145,1.0749332,-0.25077954,-0.85516095,-1.3127841,-0.97362417,-0.41484162,0.024204107,0.2531805,2.4040473,0.5227172,-0.55917543,-1.212074,-0.64776033,-0.9191986,1.0333283,-0.45267248,1.4130862,1.4539298
1.3030177,-0.3813958,-2.3484936,-0.11769008,-2.1851335,0.64820975,1.5271198,6.744113,-0.53875643,-0.9834754,2.1706824,1.1414135,-1.3240007,0.86753154,1.6249896,-2.0190783,2.5852816,-1.8535192,1.7109615,0.14261101
2.7801547,-0.88572836,-0.8909005,0.017979927,-2.440441,0.2926945,0.6802084,6.4686713,-0.044982575,-0.41407892,3.8815389,0.71355397,-1.1054465,0.67021316,-0.15662503,-0.96870494,1.9171165,-0.8629098,2.515727,2.2709658
0.79384506,-1.0023198,-2.3190036,-1.034956,-1.7849684,-0.57837456,0.71298075,8.252023,0.47667885,-1.2627196,0.46307188,1.2305635,-2.039521,1.857339,-0.20451762,-1.3140908,1.6023417,-1.6662006,1.6758115,0.52895683
3.2412863,0.8457885,0.8228525,2.2113469,-1.2332102,-0.17283812,0.44973812,0.012301709,1.2309821,0.33617985,1.8357708,0.45475936,0.33324465,-1.0654583,0.12355135,0.29083928,1.3800267,-0.6320498,1.1663417,1.2701329
1.0555938,-0.6445393,-1.4277642,0.33541307,-0.7266728,-0.9750896,1.3935844,2.155613,1.255325,0.27461237,2.4908369,1.9379078,-1.1924227,-0.5659013,0.06537703,-0.80737555,0.43860886,-1.1082807,1.623599,2.1165395
-1.0375329,-1.2803612,-0.4840266,-1.0498264,-1.9792558,0.2713992,1.7285643,7.5212135,-0.5147102,-1.646204,1.5762079,0.8818834,-1.3744904,-0.13130918,-0.43009904,-1.0502764,1.5236541,-1.6567922,1.3566519,-0.33624235
3.0762293,-0.57299733,-0.40172496,-0.22454335,-1.0541133,-1.4026135,-0.03758418,0.50086904,0.9500613,0.47326136,2.7008398,2.1673522,-0.31205684,-1.2249539,1.3646656,0.117800154,0.697209,-0.36862755,1.1512051,1.265536
2.1356072,-0.91168463,-1.9149121,-0.3378138,-2.1335998,0.2705376,2.1537263,5.87818,0.25348496,-0.5964398,1.8956493,3.7230172,-1.5288393,0.93336815,0.16777602,-1.1412963,1.1150262,-2.2451897,2.1565785,-0.001546677
0.2278776,-0.8710126,-0.20651545,0.2156373,-1.5570927,1.5247803,1.2827744,7.7956896,0.6028878,-0.24315746,2.5361705,2.105896,-1.5807344,0.05278614,-0.03224584,-1.9376613,3.1349547,-1.4280603,1.7796392,0.36635402
0.8179191,-0.6415991,-3.395185,0.3480636,-1.8584559,1.3335884,2.026222,4.789329,-0.8328157,-0.34154892,1.2758081,2.3230398,-0.85505664,-0.38746527,-2.4931798,-0.18036294,0.7922593,-1.8173441,3.5705848,-0.19091938
0.46343064,1.2993542,-0.045167148,0.15025818,-1.1594384,0.56295305,-0.77296257,0.9716653,-0.87922275,1.4178241,3.7786808,0.4777835,-1.2442095,-0.6168125,0.17251274,-1.5636852,0.9227692,-0.23801638,0.5562138,1.8572567
0.7733525,0.7817234,-0.30736578,-1.4123485,-0.19850817,-0.43278313,-0.64239925,0.20013942,1.3855572,1.8594497,0.13333273,0.5960529,-0.109871835,-0.9774904,2.285997,-1.0791125,1.4632168,-0.71141595,0.4904962,0.76108366
0.4231664,-0.28923294,0.35645786,-0.82243955,-1.1419495,-0.86259013,-0.3862091,7.0914683,0.9041385,-0.691058,2.3086529,1.1172264,-2.0603654,0.945286,0.8661137,1.3573064,3.926857,-2.5416455,1.4358927,2.7220461
4.612988,-0.21425736,-0.55265546,1.828126,-0.8324204,0.11719101,0.56893414,0.64705616,1.7102636,0.6112785,2.2719367,-0.08482514,-0.2621901,-1.1820332,1.1942511,-1.0369997,1.3380296,-0.0047430536,0.5424296,1.5587912
1.4817878,0.4940874,-0.8110445,-0.05163498,-0.83191663,0.5820627,-0.64812714,1.8924205,0.23264751,-0.021722551,2.972316,1.5470121,-0.5280303,-0.7207637,-0.2205951,0.12825114,-0.321439,0.27977997,1.2177327,-0.47513014
1.7307836,0.26945093,-2.3527343,-0.58258575,-1.888902,0.019768903,0.7447052,2.7143695,-0.49304697,-0.37797514,2.4120564,1.9334432,-1.2123125,-0.5266031,-1.5020766,-0.29554963,1.1852542,-1.2513833,2.495242,0.71298933
0.8743753,0.93748623,0.11116701,-1.567653,-0.59892595,-0.68586355,-0.82148486,0.35906985,0.94701886,1.9040929,-0.39679763,0.7570051,-0.3641639,-0.9145495,2.0711756,-1.4020256,1.549878,-0.7347145,0.6484338,0.085012816
2.0823734,-0.575426,-2.0957267,-1.162498,-1.9602543,-0.5828615,1.392699,8.095669,0.32891402,-1.7218413,0.3029216,1.5000241,-2.0472777,1.4462022,-0.84499645,-1.3946675,2.4586544,-1.7971535,1.8764681,-0.028801147
4.120408,0.14440991,-0.65596974,2.5207214,-2.1656005,-2.1152647,0.38732457,2.6206646,0.23222226,0.80712336,2.1722348,1.5747498,-0.87359416,-1.0582212,0.09669841,-0.8421164,1.5860536,-1.2279403,0.72797763,0.76137984
0.84010196,-0.41099474,-0.58654237,-1.6111821,-1.4952574,-0.4324728,0.10252398,4.824292,0.08708202,-0.045643844,1.8680055,2.505043,-2.060259,0.14500284,-1.2872025,0.56102574,1.2409172,-0.7177401,2.1860166,1.134012
1.7603443,-1.0649401,-2.339458,-1.6050404,-2.7876954,-0.6228071,1.8033867,7.34106,1.028537,-0.6143864,1.6325268,2.3272681,-1.0091896,0.48657566,-0.4365498,0.9262613,2.8565433,-1.711105,2.3263736,1.365667
2.87167,-0.77815837,-0.48646256,0.8314664,-0.037903417,0.17676382,1.9611493,1.0226213,-0.5149776,0.4151933,1.5404686,2.1508687,-0.73049206,-1.0531399,0.99382037,0.60628545,1.7602944,-0.9395925,0.6402517,1.5991182
1.1985023,-0.32684198,-0.9532895,1.0298377,-2.0114686,-0.05735773,0.6682418,5.8972116,-0.32011238,-1.6480396,2.9466407,1.3184912,-1.6339598,0.15249716,-0.81259215,-0.5214621,2.5672336,-2.175978,1.315865,1.6199427
2.7581685,-0.8173652,0.87969106,0.85898185,-0.5015414,-0.4640994,1.7633854,-0.517869,-0.06313257,1.1629608,3.3273213,0.4536553,-0.13822632,-1.5579089,-0.21983081,1.2316258,1.0452759,-0.21755382,1.5982141,2.2614727
0.46846664,-0.6047197,-1.5847963,-0.6356852,-1.5539143,2.3346512,0.8023466,4.3838673,-3.032817,-0.599234,0.37991408,3.8514245,-1.9123654,0.7216425,-1.0814773,-3.173558,1.0361272,-1.0093406,1.818354,-1.9217798
-0.8091399,-0.58044934,-1.8005732,-0.5629872,-1.3162892,-0.4282212,2.1314416,5.2396636,-0.38241458,0.058602624,1.690263,2.236739,-2.4323254,-0.06326723,-0.94305927,-2.239802,-0.35448316,-1.045848,1.7215248,1.8922127
0.89458996,-0.18438254,-1.878931,-1.4709795,-1.805012,2.1903133,0.7371529,3.2997086,0.23731427,0.42464545,2.8670487,2.661149,-2.1820421,-0.84764403,-1.4870605,-1.9410853,0.62420946,-1.7786916,3.095205,-0.8616921
0.9671389,0.0931796,-0.6555585,-2.696033,-2.42363,2.3996744,1.676909,7.271722,0.5604189,-1.1346519,2.3045056,2.270757,-2.3436854,0.6690785,-0.6344956,-0.9548192,1.9158566,-2.1188087,2.104271,-0.6144897
2.0508854,-1.6528821,-1.4358038,0.13936903,-1.0142491,0.66337943,-0.5392479,1.179781,-0.84438074,0.33897072,1.5905852,2.2712011,-0.89713293,-1.154334,1.3948084,-0.19748606,0.7322904,-1.1904899,2.2840416,0.8898141
3.0091298,-0.2802824,0.20331186,0.6404562,-0.8435771,-1.7582678,-0.4526019,0.29246163,1.4658237,1.0935991,3.0871055,1.9957688,-0.60132223,-0.86160356,0.97362787,0.23388018,0.021445122,-0.2754062,0.8955952,2.3210754
2.9209566,-1.0441084,-0.33624312,-0.105400555,-0.17104876,0.3712843,1.2071085,1.403693,-0.67763376,0.63404757,0.51764065,2.2681923,-0.3709605,-1.1623237,0.6313513,0.6628281,1.9004283,-1.182415,0.98634285,1.3589017
4.6190696,-0.78874713,-0.61212707,-0.36019066,-0.81128776,-0.30031362,1.7232733,1.5952376,1.3261124,0.07007147,2.4825592,2.4418924,-1.6876093,-1.043263,-0.29533747,0.32233086,1.8693227,-1.9395303,1.5362396,-0.9245263
0.5143208,-1.3565762,-1.0717729,-0.46721038,-1.8553716,0.49126595,0.65004206,6.940626,-0.26926747,-0.65832406,4.389241,1.6795812,-1.6050246,-0.06437134,-0.56143767,-1.5911142,2.496204,-0.793736,1.3068867,1.7790743
0.14872603,-1.4220831,-0.6484614,-1.4216346,-1.8890501,0.035196483,0.22637665,5.950094,-0.43928078,-0.76813275,0.29410782,1.9907051,-1.3182214,0.76055866,-0.9406019,-1.7776492,2.5908053,-2.2310493,1.5347309,-1.2313915
2.3814564,0.61127365,0.8287776,0.33149016,0.0077257473,-0.17889397,-1.3042462,1.515728,-0.4278807,-0.036504816,3.372131,0.026458353,-1.2026557,-1.0061203,-0.0063734287,-0.93484807,0.9808417,-0.5058536,0.25289595,-0.2607375
3.299455,0.6901358,-0.9003273,1.8640131,-0.7414079,-0.98802346,2.6247253,1.6679196,1.4269228,0.117207944,3.3444285,1.6055743,-0.90335464,-1.103264,0.6544049,-0.59165627,1.3476881,-0.4914516,1.4360507,3.7935798
0.50508755,-1.3801248,-1.0881827,-1.3280644,-2.530405,0.45112875,1.3577986,12.102521,0.3241434,-2.2692819,1.6737213,1.752223,-1.7029718,2.6064706,-0.95727974,-0.5613905,1.7401878,-2.0852017,1.4580741,-0.20314701
0.05153983,-0.53546053,-2.187713,-0.833434,-1.4458648,1.2420851,0.784911,10.445488,-0.12945943,-1.4663374,1.0265898,1.1873767,-1.9913257,1.3881373,-0.985412,-1.2489831,1.2113708,-2.3965323,1.7511832,-1.1837417
-0.76843613,-0.49582025,-0.78545696,-1.5774704,-1.310778,1.5657891,1.587334,10.298206,-0.16134766,-1.3026636,-0.5893223,1.483859,-1.9468653,1.5100892,-1.4016862,-1.2536043,2.438278,-1.8047762,0.85435146,-0.865809
3.3449123,-1.1811148,-0.82430774,0.31550026,-1.4146719,-1.6015939,0.42997965,1.2601378,0.90137404,0.57910335,4.4858813,2.4863944,-1.1118486,-0.8842744,0.6903043,0.11466554,1.7000227,-0.5044767,1.8151693,2.3227484
0.4679927,-0.8586984,-0.14883895,-0.8193567,-2.0900495,-0.26172537,0.87489504,7.0591106,1.0024546,-0.7968154,3.1235292,2.3351924,-1.2056952,0.74414986,-0.5647539,-1.335062,1.8426162,-1.2387224,1.8149886,1.2520266
-0.7271324,-1.8387654,-0.8738082,0.45912594,-2.375298,0.6520895,1.6274582,6.578239,-0.31978852,-0.8599838,2.0106835,1.6289871,-2.0267155,0.026540501,-1.5025427,-1.7479724,2.011192,-1.0486802,2.0379314,-0.3694746
2.800941,0.3297835,-0.82602066,0.4628303,-0.33131555,-0.19342095,0.18791285,1.7142547,1.4051751,0.7116797,1.6840419,2.3263419,-1.7052833,-0.83693075,0.53843665,-0.81058675,0.37309977,-1.8497453,1.3825758,0.86147135
0.6232268,-1.3058314,-1.0302675,-1.313918,-2.5586178,0.35312676,1.4723965,12.077819,0.46448478,-2.218243,1.5138179,1.7804846,-1.6658218,2.5918891,-0.86349905,-0.6162085,1.9362376,-2.1765642,1.4339033,-0.33741224
1.6015841,-0.33727702,-2.660599,0.24309614,-2.0338717,0.47370648,2.5727086,5.0653563,-0.5794505,-0.16768542,1.0708951,1.8003676,-0.90032184,0.1887612,-1.7094373,0.6612992,0.8643473,-1.784712,4.2823114,-0.51303524
4.115115,0.7073763,-1.7453353,1.6934645,-1.3934765,0.33920175,0.42766023,0.5885697,0.19511345,0.5898214,2.1678622,1.6659735,-0.6676813,-0.941245,-0.04187715,-1.0484003,2.2129476,1.1615225,2.2591062,0.97496295
0.65682596,-0.2045578,-1.5465189,-1.1293952,-1.4317458,2.469837,1.9831848,2.526144,-0.14327642,0.7895352,2.906438,2.5386372,-2.270654,-0.6145737,-0.54037905,-2.0287564,1.5477204,-1.7089728,2.6776648,0.13813986
2.0033598,-1.2789572,-1.3929229,-1.2233843,-0.2796924,-0.92689514,-0.3361453,0.7268579,1.9031619,0.7284039,0.052225772,0.6116473,-0.8612359,-0.9387906,-0.7119446,-0.37078336,1.382127,-0.3409297,0.70832974,0.3793039
3.4876683,-0.5056869,0.26306447,-0.40599012,-1.4234099,-0.6099409,0.60661596,1.9955583,1.3101671,0.705996,2.8784022,2.4807224,-1.9438065,-0.8660787,-0.32587156,-0.92880887,1.572255,-1.3201703,1.8758193,0.42652094
0.24493808,-0.9451789,-1.6962789,-0.6130746,-2.5690262,1.315634,2.9431217,9.649253,-0.7767573,-1.7170376,0.54971457,0.07275972,-1.7741714,2.2319682,-1.2442548,-1.4897784,2.595284,-2.452922,0.6785918,0.23238449
2.0812411,0.48225856,-1.9727589,0.3445452,-1.3760785,-2.0662506,2.573242,0.021246076,0.10956148,1.0362031,2.944031,1.9563805,-0.55545557,-1.2723818,0.28005704,-1.594902,2.3142662,-0.86982536,1.7962586,1.8940289
1.8784374,0.07256367,-2.486991,0.39731678,-1.6872776,0.73731023,2.8176682,4.936497,-1.013476,-0.04625907,0.771991,2.1164608,-1.369291,0.2614999,-1.6985162,0.19533299,1.1402069,-1.5929755,4.8874063,-0.9637353
2.288941,-1.3808675,-2.8252325,-0.6694533,-1.9819322,-0.16469029,1.2532148,5.825505,-0.69350106,-0.036405228,1.8959109,1.0632762,-1.5555531,0.66638136,-1.3285055,-0.76667464,2.544026,-2.0258772,1.8327905,1.5861436
3.9224799,-1.7174405,0.44973186,0.34155262,-0.5780282,0.16735221,2.261409,1.8321421,0.87801516,0.33808973,1.5596757,1.9984581,-1.8182454,-0.9901032,0.13214003,0.082994014,2.5453029,-1.6554437,0.6768635,1.4711932
0.21752656,-0.6240326,-2.077234,-0.6780644,-1.3394053,1.284836,0.86473316,10.909631,-0.08243256,-1.4330595,0.609974,0.8988758,-2.090235,1.3070621,-0.7731617,-0.86975545,1.0546727,-2.3966208,2.0619557,-0.9466197
1.2486215,-1.8636618,0.30126244,-1.1009216,-1.9931196,0.1309006,1.8138256,10.478888,-0.6329663,-0.7830701,1.7819275,3.2990973,-1.1338782,0.5196132,-0.9500788,-2.3766015,2.0146136,-1.3192704,0.09133442,0.5721837
2.0781698,-0.6967227,-2.267642,-1.3551635,-0.8666159,0.57949185,0.056359604,0.9182732,-0.66896605,0.2743751,2.092064,2.0670176,-1.2548581,-1.284153,0.21506187,-0.49545854,0.8729285,-1.3827633,2.0965455,0.71931416
1.4720899,-0.28682375,-1.0236627,0.779577,-1.1177876,-0.7660517,-0.110125735,0.33076409,0.30874303,0.9990811,4.4810476,1.3019581,-1.1814853,-1.2634585,0.4544995,-0.085302815,2.196999,-1.2830387,1.7481924,0.67646915
2.0161839,-1.1467243,-2.4907925,0.47896713,-1.0708703,-0.32304522,3.0463023,1.2474476,0.5209614,0.61391574,2.9941099,2.3763373,-1.0223005,-1.0387889,-0.8919956,-0.762406,1.4742575,-0.99641997,1.8135108,-0.94656473
2.6593416,-0.77472085,-0.7181497,1.562956,-1.041745,-0.11518959,-0.22633126,-0.60697293,0.7685342,0.90364546,0.68225336,0.783865,-1.6405774,-0.9934452,1.4915441,-0.18444906,0.9952193,-0.30911508,1.71901,1.5367491
1.2628335,-0.88960516,-1.7687433,-0.79318595,-2.6952293,0.028528692,2.3584318,10.914771,0.12956856,-0.78920406,1.7525336,3.5338244,-1.4092592,1.6233848,-1.2222079,-1.2474284,2.472186,-1.811606,1.0656239,-1.0719852
1.6928244,0.3587526,0.082548946,-0.7967209,-1.8153706,1.2180655,-0.0110461265,4.176267,0.31953457,0.9928019,2.6718907,2.3659885,-1.3195555,-0.42311263,-0.35352817,-1.3468153,0.44661275,-1.4738654,2.9326658,-1.7684509
1.8546243,0.44632232,-1.0694633,0.96750855,-1.1178737,-1.3932855,3.3942726,0.3634078,-0.2703818,0.94898486,2.664348,2.2517931,-1.0152303,-1.317662,-0.24411626,-0.8850728,2.3604403,-1.1465151,1.5390911,3.3008842
1.2068607,-0.2535568,-2.9877546,-0.8287576,-1.3326454,0.5297805,0.9997434,5.1919355,1.5771381,-0.6309361,1.282353,3.1371865,-1.5370048,0.11365571,-1.1298066,-0.5032479,2.2553587,-1.043425,2.926587,1.9482195
-0.2603415,-1.3151759,-0.992246,-0.10168684,-2.349501,0.68942565,-0.16618198,5.3366365,0.28614563,-1.6691679,3.4711652,2.6225893,-2.0228186,0.21738188,-1.4345695,-0.8331846,1.8988249,-1.5349716,1.3123944,-0.0722005
0.877962,-0.32031056,-1.056393,0.54648566,-2.435375,-0.080058984,1.4005226,5.7356877,-0.82163566,-1.2112867,4.112066,1.5799385,-1.3007667,-0.056098882,-0.19204019,-1.6050484,2.2697756,-1.4816747,1.951223,1.4107876
3.950394,0.569542,-0.3811047,1.1870639,-2.1870923,-0.93359977,0.80385303,1.7538483,0.9015906,0.90274674,2.6266713,2.149453,-0.97521645,-0.70902145,1.112103,-2.5382955,2.3923693,-1.475342,0.9965167,1.4539831
0.26571897,-0.8229505,-0.59106076,-0.14065234,-2.401416,0.3490147,0.56223553,6.7160244,-0.45493013,-1.315817,2.6301332,0.22273621,-1.1521045,0.52684295,-0.8182234,-0.5449268,1.2804183,-1.5356807,1.995449,1.0200994
0.98370326,-0.8282139,-0.50405,0.73458606,-2.2041707,0.07810047,0.8609952,6.602195,-0.25951928,-1.2905095,4.254528,1.6777428,-1.4140445,-0.26910552,-0.5578155,-1.8154477,2.2435453,-1.4589775,1.3225499,1.808112
0.2916946,0.02669853,-1.2746108,-0.46506777,-1.2129548,-0.40827373,1.1389289,4.571608,-1.1555283,0.17478138,2.2423272,2.713135,-2.295605,0.3387993,-1.1929635,-1.2737118,0.27773416,-0.7606416,2.3615763,1.2309182
2.3099995,-1.4828453,-1.0911824,-0.7447597,-1.9973649,0.03736476,0.13094653,12.367172,0.49019244,-1.6106514,1.5076385,1.5367023,-1.6034335,1.1467811,-0.9393462,-0.8627179,1.9468528,-1.4253983,1.261525,0.1494938
1.2832245,-0.9461052,-2.0837715,-1.080076,-1.8475056,-0.4280838,0.9901342,7.673606,0.81536573,-1.3631479,0.56933683,1.4033114,-1.9549063,2.1593108,-0.22100227,-1.6308737,1.9143208,-1.6773206,1.7397685,0.68430525
2.0271192,-1.444422,-1.0348115,-0.95874196,-0.4022644,-0.90236366,0.086121984,0.71972144,2.1725388,0.8442713,0.27046582,0.59386706,-1.0097178,-0.7845537,-0.51677305,-0.5090968,1.3045633,-0.2935169,0.6357105,0.41067585
2.2306309,-1.1162465,0.06505404,-1.3204423,-1.7151669,-0.8876789,3.679388,3.9119918,0.5919688,0.20942852,1.316885,3.135671,-1.4638065,0.09376694,0.5934604,-0.661896,2.4166346,-1.8091784,1.5278581,0.25548404
3.0186605,-1.2734803,-2.0552356,1.0266244,-1.819213,-0.7465489,2.403481,1.355555,0.21922679,1.6398857,2.4932609,1.817513,-1.5434601,-1.0017205,0.56608784,-0.3825296,0.10922285,-1.0366302,1.9903386,4.2068377
0.44727194,-1.2280988,-0.90572125,-0.6294952,-2.1200802,0.9752144,2.031372,6.4059353,-0.95827943,-1.0715879,2.2214322,0.6325015,-1.6595513,0.84154546,-1.1609546,-0.821881,1.8468851,-1.3798574,1.97369,0.7477888
3.7670362,0.76703656,1.11244,1.8388329,-1.5585378,-0.2941065,0.6421651,0.0874271,1.0704874,0.34460616,1.9030628,0.43977454,0.022336224,-0.94790024,0.13517016,-0.49553832,1.2787026,-0.57484555,1.09512,0.8455759
1.2614135,-0.4039098,-0.153431,-1.0115045,-0.9252628,-0.5855611,1.2733634,0.43774313,2.2648075,-0.6110178,3.2926779,1.2203825,-1.5215437,-0.99439955,-0.61067194,0.029877083,1.0263005,-0.93893313,2.5289242,2.1128588
2.9624193,-1.2043511,-1.2841427,0.05469834,-0.7807445,0.07657145,1.4739661,0.83450323,1.738777,-0.0852122,2.0724154,2.5915916,-1.6362734,-0.9099608,-0.27166706,0.09142407,2.1833603,-2.1214802,1.5320015,-0.3642519
1.7979994,0.022921735,1.166588,1.4745216,-0.80690205,-0.69557464,0.2119235,-0.722969,1.5025707,1.6345565,1.5426857,0.7574006,0.23764111,-1.5202585,1.0495442,-3.18427,0.6611646,0.5301403,0.5378575,1.6297586
2.3644922,0.9734753,-0.38663918,0.17077939,-1.1278625,-0.6017792,-1.1104931,2.336621,0.6508987,0.20973209,1.7594507,1.2497817,-1.280007,-0.6782423,0.3659323,0.017986732,0.23777455,-0.9965728,2.2379043,-1.3981292
4.1039658,0.3715901,0.44897795,0.36495602,-1.1206497,-0.50399,0.09391333,2.0518909,1.3506736,0.37479252,2.4914846,2.4144664,-2.0958178,-0.77891225,-0.16577585,-0.94602567,1.0359321,-1.4834747,1.6100205,1.1145663
1.9352882,-0.71786237,-1.8858906,-0.8964548,-1.1165293,-0.985697,2.0371675,3.0292044,2.2847617,0.8704336,3.1678023,3.238089,-1.3422905,-0.4479089,-0.3235246,-0.0090907775,0.37228742,-1.17866,0.98040456,-0.27291483
1.7117537,-0.7735578,-2.0060477,-1.3332443,-1.4482392,-0.16532305,2.1302707,4.190434,-0.635131,-1.0258805,1.749275,2.4403348,-1.922995,-0.50016236,-0.86715955,-2.3902493,-0.10891744,-1.1509619,2.0889482,0.4589175
3.4994466,0.3732823,0.6450933,-0.0045302515,-1.0528684,-0.6227356,-1.4241273,-0.49270487,1.0605305,0.6634771,3.4501297,0.5967343,-0.26430035,-1.5919092,-0.78744495,-1.3039268,-0.03140899,-0.6734032,0.69250804,1.4195061
0.26944754,-1.2657908,-2.0390873,-0.05989631,-2.1459057,1.5071836,0.7154564,8.388012,0.37448677,-0.854627,2.8461492,2.6279416,-1.862477,1.5308906,-0.059863932,-0.5121868,2.0991673,-1.6305164,1.5583354,1.7088773
0.18838966,-1.3325298,-0.30026752,-1.3137168,-1.6412951,-0.54431355,0.9892178,6.362155,-0.011798836,-0.9591857,0.5950966,1.6942286,-1.7302802,0.8998503,-1.1132944,-1.6916856,2.0633764,-2.3384762,1.4923471,-1.6539223
1.5013943,-0.8459413,-1.8898826,-1.8835553,-1.1650035,0.13918106,0.520945,5.750729,0.45909536,0.15211785,1.4927613,3.945825,-1.7291985,0.31323892,-0.435163,0.6351419,1.5076696,-1.575587,2.9638562,0.5174181
0.022918329,-0.28394273,-2.4131339,-0.2504704,-0.9233476,0.6942268,1.482679,7.1147957,-1.6336557,-1.4446261,0.52190363,1.9574751,-1.518394,0.50138736,-0.62777334,-0.901269,1.6370814,-1.7004339,1.9089235,0.84929097
0.756665,-1.4516943,0.12168075,-1.8288716,-1.5283463,-0.5652301,0.25555873,8.383527,0.12182653,-0.88224715,2.591655,1.1907048,-2.0810008,1.1389877,-0.10034419,0.1812256,0.82893014,-1.0926348,2.8002553,1.079616
-0.7314032,-0.07561626,-1.9517704,-1.3450545,-2.434719,0.53530455,0.5641011,8.786117,-0.6584546,-0.9529531,1.7681189,1.975632,-1.0687065,2.6424706,-0.77154344,-1.5159115,1.1957794,-1.3996818,1.5079705,1.4340472
2.661751,-0.86396945,-0.13821441,-1.0510573,-2.0519264,-0.66110325,2.968672,3.596381,0.44521058,-0.4576176,3.0095289,3.4058704,-1.5693821,-0.048892766,-0.19047163,-0.37651238,1.5655845,-1.5825603,0.73159945,0.2772284
0.7274493,-0.1475343,-1.9443624,-1.2450455,-1.222242,-0.6520843,0.6666423,4.42538,1.4111094,1.050792,1.292727,3.2601123,-1.8122858,0.1731988,-0.93380576,-0.060491458,1.3985902,-1.466332,1.9608109,1.8325776
4.4434266,0.2730643,-0.3715425,-0.66289294,-2.5266473,-1.4807487,0.22765616,0.9072809,1.0892742,0.7681903,4.1117263,1.6523069,-1.804433,-1.1167688,0.62787604,-0.47544408,2.685702,-1.9756509,1.776943,2.859893
-0.84330875,-1.4277086,0.31671435,-0.73645777,-1.7750871,1.7177002,2.2082164,8.116623,0.337758,-1.8380818,3.2462807,2.7238994,-1.03985,-0.030621698,-0.18298972,-1.2540876,2.0653,-1.4164491,1.6942204,-0.5126451
-1.1413424,-1.2641214,-0.89024025,-0.018666612,-2.2676816,1.1294074,-0.45188,5.5766454,-0.0037308,-1.3808701,2.6716282,2.798299,-2.116709,0.443448,-1.8066567,-2.1973343,1.8382117,-1.889634,1.0324571,-0.2807678
2.2141721,-1.4027483,-0.78825563,-0.7188241,-2.0981092,-0.21655516,1.8517935,12.400346,-0.047382183,-1.4926156,1.8580626,1.5048879,-1.920462,1.6278299,-0.39260894,-0.41081417,2.3864694,-1.2576772,1.6579819,-0.42616624
0.8996044,-0.44027856,-1.0326424,-1.3958299,-1.9001429,-0.94053847,1.6765304,7.7120786,2.9565458,-0.99210566,1.217041,1.5297343,-1.8999345,0.4069792,-1.3004845,-0.8643214,1.7175394,-0.9418374,2.8685265,2.2695162
0.3294169,-1.1130837,-1.6623003,-0.56994784,-2.652429,1.6137109,2.4530783,9.605828,-0.59407276,-1.57939,0.44602144,0.23644622,-1.710535,2.1826413,-1.2153149,-1.3172998,2.4582415,-2.4551735,0.75157136,0.2884663
-0.3885096,-0.5292163,-1.945351,-0.525084,-1.5289655,1.6948304,0.23605192,10.530474,-0.122368336,-1.5075285,0.35425732,1.4417366,-2.1912806,1.618974,-0.8204312,-0.44432408,0.60211,-2.3891027,2.5257168,-0.93976927
1.488248,-1.2620064,-2.1791387,-1.1740512,-1.5794046,-0.78320247,1.1667556,10.152704,-0.13453344,-1.1368471,2.0438004,1.1969984,-1.7434509,1.3106375,0.28581312,-0.5713688,1.9974402,-1.3161725,2.2546144,1.0562664
1.0400019,-2.0075588,0.3737723,-0.55011517,-2.5643008,1.6603686,1.5664253,8.630951,0.77286756,-1.5184246,3.4012666,1.7242376,-1.0047255,0.28835145,-0.21548198,-0.85929966,1.7498507,-1.105895,1.6451952,-0.8905153
-0.1655659,-1.7157153,-0.27692917,0.18975621,-2.3141665,1.1965642,0.3685859,5.40228,0.54541695,-1.3428051,2.4406714,1.963344,-2.3422928,0.609136,-1.2892216,-0.9533947,2.1367476,-1.6191901,1.4406509,-0.1737237
0.70049775,0.67218506,0.49776563,1.1185424,-0.20354375,0.0073191836,-1.1339976,1.6258788,0.27876595,0.42169502,1.8730919,-0.03146953,-1.1406168,-1.1182007,0.3411925,-1.2922012,0.16046913,0.14292824,0.4536432,-0.06083733
0.3808085,-1.4885721,-1.3797755,-1.857495,-2.1806357,0.41271302,1.1394029,12.724398,0.48286188,-2.549876,1.5782001,1.3745656,-1.9715904,2.2851954,-1.5922049,-0.60250074,1.4665805,-1.9328988,1.6060412,-0.24784562
1.776688,-0.90726036,-0.94587654,-0.8871798,-1.1377075,-0.08138561,1.3893839,4.810122,0.61066055,0.9330816,1.6217169,2.835317,-1.6426815,0.19612706,-0.955922,-1.3509563,0.6303339,-1.1681228,2.224749,-0.34353375
3.8708706,0.30303034,-0.43438676,1.7252017,-0.5457996,-1.8736756,0.2971739,1.1951809,1.7724451,0.7065059,3.285537,0.846137,-1.0129089,-0.8044796,2.4229758,-0.48500302,0.856533,0.17510745,1.1165814,1.6354094
0.9733277,0.12337635,-1.2680929,-0.17259844,-1.8038366,-0.037624363,0.9742125,3.3880868,-0.11209671,-0.15044044,1.6719528,2.7827024,-1.1024175,-0.43514386,-0.9728103,-0.8030904,1.2086368,-0.882378,2.2270346,0.5373088
2.6198847,-1.0361762,-0.030706761,-0.3814589,-1.3911632,-0.11445672,1.3476021,0.89893746,-0.14468673,1.0100373,3.9500616,0.24155146,-1.3921072,-1.1835732,-0.2601857,-1.0203373,2.3965194,-1.2491939,2.3123727,1.4429444
0.55866736,-1.0537784,-0.17285526,0.96325755,-1.7564793,0.6991281,0.81927145,6.7090783,1.0128788,-0.012459038,1.3606594,2.521451,-1.0733306,0.07364047,-0.11499028,-2.4949872,-0.070832565,-1.4358021,2.1417756,-1.8372546
0.21096712,-0.8579991,-0.18385504,0.21684714,-1.6279985,1.5856109,1.2900918,7.884273,0.6925845,-0.22405241,2.608581,2.0830638,-1.5743716,0.022690952,-0.0055593895,-1.9310706,3.0414252,-1.3949896,1.78408,0.34530884
0.41867495,-0.7185888,-1.699944,-1.5087206,-2.713345,1.4809749,1.2075301,11.7088175,0.091655195,-1.6919847,0.9046189,1.1368654,-1.6162179,1.9046032,-1.1762626,-1.601625,1.5972269,-1.9164244,0.8259653,0.6841933
2.1882005,-0.68957275,-0.20466778,-1.4199148,-2.6311822,-0.45178795,0.79051507,7.571271,-0.65356,-1.2681224,1.6817198,1.4234929,-0.578669,1.0018128,0.92097205,0.53811544,1.5702794,-1.0589992,3.3289232,2.0025651
1.659538,-1.5403064,-1.5446969,-0.096862145,-1.5685705,-1.1050103,0.85248333,6.0896587,1.9026102,0.4524684,3.2440953,2.5519018,-1.2752945,-0.09507281,1.0523185,-1.2508577,0.96870834,-1.032759,1.0160336,1.4990457
3.4242704,0.71592677,0.91398865,2.1771736,-1.2062901,-0.32285884,0.4928281,0.029285545,1.269349,0.35074404,2.0630763,0.34550798,0.3204601,-0.992931,0.14245512,0.1678445,1.5416569,-0.7127148,1.0915614,1.1260496
1.7174593,-1.4619291,-1.0258211,-1.5588439,-1.915408,1.4436882,1.429534,5.157408,0.62705165,-1.0481163,0.8603941,1.7085218,-1.5475315,0.49982944,-0.25684845,-1.6596693,2.6785326,-1.5004288,2.1461127,-0.07462087
2.46108,0.19099745,-0.014197658,0.6255239,-0.9099205,0.16779254,-0.6727319,1.0776459,0.5532872,0.58247584,3.070261,0.8059543,-1.3556685,-1.149788,0.7027636,-1.8568844,0.8249036,-0.7564141,2.0121136,-0.4402429
0.8252315,-0.4175591,1.3412908,-0.95486206,-1.8581333,0.92938936,1.409679,8.551769,-0.48497927,-1.1231087,1.7364707,1.4165965,-1.165886,1.9487443,-0.8950183,-2.6049519,1.5147392,-1.1597003,0.92451954,1.1234106
0.6352227,-1.3832934,0.06901611,-1.1192583,-2.5156484,0.3998598,0.81071764,8.155578,0.87268543,-1.447736,1.2239814,1.0085578,-1.5257913,0.41069728,0.60745054,0.18783794,1.6169052,-1.5966837,1.3394004,0.07425743
2.5452223,0.45154664,-1.759389,-0.17508279,-1.1914749,-1.2304311,1.2939004,1.5354247,-2.2784812,0.43733338,1.2375473,1.591329,-1.0010675,-0.11885455,-0.055362422,-1.3643159,0.76521254,-1.1451353,1.623828,0.09780306
-0.100868665,-0.7469263,-1.0598799,-0.017167661,-2.0862055,0.64822143,0.7470539,7.807876,0.9571906,-0.7843971,1.7234014,1.7879531,-1.634196,0.10418785,-0.57231605,-0.71262723,1.7748942,-1.2978215,2.1165235,0.45422664
2.3125262,-1.1942186,-0.37595865,0.40317047,-0.36815295,0.08180253,1.803285,1.0595411,-0.33611953,0.54414487,0.84101427,2.5336869,-0.5045192,-1.0096895,0.65317595,0.605152,1.6212406,-0.9908821,0.8610058,1.3534691
1.0745653,-0.93075573,-0.031129984,-1.3561254,-2.2875352,-0.53116995,1.6287177,7.933239,3.0049574,-1.2096815,1.1204491,0.932799,-2.0798042,0.35300675,-1.7632403,-0.47824365,1.555279,-0.9108232,2.5392106,2.0746
-0.3323651,-1.6671807,-1.1770897,0.27816704,-1.9931633,1.2055832,0.12653118,5.777588,-0.9037638,-1.0937674,1.5191554,3.2750661,-2.2123146,0.8093099,-1.4563531,-2.1591196,1.8249524,-1.3665328,1.0430403,-0.6540036
0.5221328,-1.294935,-2.0790358,-1.0260379,-1.9763871,0.13374151,0.6967488,10.012583,0.6581731,-1.2034465,1.5102721,1.1345878,-1.7785277,1.9948326,-0.14871381,-0.87816936,2.5558584,-1.8495872,1.5208852,-0.63750505
4.0796027,-1.9384389,-1.7388622,-0.38106722,-1.5193102,1.0663567,2.5924919,4.609759,1.6517441,0.087234564,3.5927172,3.1546392,-0.98673,0.13418388,0.71239287,0.18544061,1.8569187,-1.1410712,2.5351553,0.14314179
2.5904179,-1.590155,-1.056349,-0.99187094,-1.6310048,0.16760704,0.87084854,5.3939915,0.37069592,-0.5773153,1.4716891,3.0472527,-1.2372916,0.69134676,0.68308175,-2.211179,2.5969286,-1.8319037,1.2902259,1.2662829
0.82176846,-0.39275235,-1.7319127,-1.4677356,-1.7051375,-0.33105218,0.38880572,4.520265,-0.28325894,0.06995689,2.2834952,2.4631073,-2.1944773,0.07493463,-0.9905047,-0.16927515,1.2955778,-0.98208255,2.6514797,0.65252876
0.093193814,-1.3827404,-1.1158669,-1.0766472,-2.3191414,-1.0815467,1.9302695,8.652189,0.21654993,-0.39842704,2.5138192,2.007527,-1.4272224,0.30994636,-1.3278875,-1.4035499,2.6127913,-1.4369946,2.0839844,0.8386408
0.2593358,-0.8364603,0.8537557,-1.1215013,-2.144805,-0.8761866,1.9094826,6.635919,-0.5525374,-0.9555079,2.4649167,2.2789361,-1.643484,0.50396496,-0.9780618,1.3353292,0.9063049,-0.8884392,1.8184114,-0.19849518
2.0897052,-0.005541707,-0.18018313,0.39831558,-1.5385236,-1.4032393,0.9365324,0.52649724,0.8044898,1.0967982,1.534784,2.2699547,-0.66487765,-1.0215108,1.9069922,-0.9687392,2.3393834,-0.5351681,1.4483564,1.1115259
2.7425382,-0.31620193,-0.69239086,0.9172609,-0.62275535,-0.42070612,0.67249113,-0.16011828,0.05505888,0.8889079,2.6843636,0.06311357,-0.85573757,-1.6256672,-0.017506298,0.38497537,0.9155963,-0.43731603,1.3536828,2.2836037
0.46551555,-1.2690085,-1.9076443,-1.4839976,-2.2555966,1.7912136,0.23736475,6.9054036,-0.38569188,-0.12985747,4.0812945,3.0416346,-1.8127557,1.4199817,-0.77120185,-0.83501816,1.3835217,-1.4137522,1.5242233,2.3854322
4.631738,-1.5542644,-1.108852,2.2451954,-2.4430885,-1.2756009,1.0922842,2.4566784,1.7595139,1.8719102,2.0950637,2.022963,-1.3626298,-0.62826,1.2421267,0.16443881,1.9336724,-0.68309987,0.9407296,0.14652723
0.121915124,-1.2954155,-0.24305536,-1.2156582,-1.3771137,-0.5329161,0.13647763,5.7245493,0.34448463,-0.86545515,1.3509403,1.8603435,-1.4676794,0.9952695,-1.1532507,-1.6225401,2.0221145,-2.6965187,1.5858026,-1.6755624
1.2310525,-0.40637273,-1.4354588,-1.3074899,-0.022656696,-0.82667506,1.7917764,0.33234385,2.5857537,0.3509522,3.3656778,0.6000729,-1.2908396,-1.2401444,-0.8945476,-0.3489919,1.1676669,-0.83031416,1.8586805,2.3151784
0.23251788,0.10621485,-0.5841047,-1.0880471,-1.5336723,2.852527,1.1077336,8.355328,1.5596521,-0.7261083,1.8369149,1.6577933,-1.6154245,0.7376585,-0.8576222,-0.6028591,1.6699613,-2.1343906,1.7357457,-0.7027324
1.3641102,-0.28256294,-1.5449615,0.8908847,-2.1204827,-1.3787724,0.84291095,1.5653543,1.8440285,-0.50771564,1.3227973,2.3305352,-0.52611715,-0.7718733,-0.36494112,-0.45141363,2.5138469,-0.081965685,1.3325528,1.3316401
1.2613639,-1.774378,0.3857813,-0.99372685,-1.8913573,0.18630286,1.4301367,10.511462,-0.73320585,-0.8971974,1.8757751,3.253639,-1.1833657,0.41669405,-1.0137113,-2.3373172,1.9396113,-1.2447462,0.10264908,0.508234
1.3210396,-1.1570255,-0.79920286,-1.2093334,-2.1870701,-1.3487996,-0.5440487,10.8651,1.3072398,-1.3163089,2.129654,1.1561652,-1.695768,1.2605115,-0.74422723,-0.889925,1.9623437,-1.4633696,1.2421925,-0.42527097
-0.47048268,-1.7474363,-1.259678,-0.594537,-2.1016178,0.66598415,0.96096414,9.6552725,0.44512615,-1.4506516,3.017895,1.0131973,-1.4495184,1.6605866,-0.6860917,-0.6733185,1.7620817,-1.9610524,0.9156823,0.24013327
2.0145652,-0.67263067,-1.9738848,-1.0117586,-1.0195671,-0.19616175,0.7969097,1.8755184,2.1404433,0.84500116,2.4247684,2.5963774,-1.3063009,-0.29933915,-0.36391658,0.25842533,0.77368194,-1.3210992,1.6085305,1.814944
2.897951,-1.957911,-0.8365532,-0.0068289097,-1.9327316,0.9706092,0.51635784,4.6320457,0.9082395,-0.30999923,3.6141586,2.665289,-0.8094785,-0.35894567,0.0181711,-0.76204544,1.9365427,-1.0066382,1.9167942,-0.20305513
0.48565203,-0.68847156,-1.5291212,-0.21749856,-1.5509979,2.3132796,0.6054399,4.338592,-2.7771032,-0.79122704,0.8148107,4.1180077,-1.9218714,0.90737736,-0.94572884,-2.853655,1.1947263,-0.9607619,2.0249772,-1.9664394
0.9910191,-0.2181538,1.2963814,-0.87439674,-1.8832136,0.5630857,1.3799092,8.549608,-0.79658604,-1.1603674,1.999466,1.4264213,-1.2578926,2.0164766,-0.96803594,-2.6810343,1.7157636,-1.2403073,1.0468965,1.2957673
0.083497666,0.21121065,-0.6962615,0.2926537,-1.8170847,-0.6716131,0.110270515,1.5414802,-0.7286235,1.249926,1.5368923,0.85445696,-1.2351711,-0.81335676,0.62308955,-0.5384353,-0.40698066,-0.81364363,0.9095615,-0.654364
0.13610096,-0.30367416,-1.7766587,0.16769037,-1.5292836,-0.25051343,1.1340222,3.1825988,-0.0067117666,-0.26306492,1.5662917,2.628661,-0.9466284,-0.45853388,-0.30083907,-0.45408687,1.0545068,-0.6727937,2.5279667,0.74088395
0.7978637,-0.7750012,-0.2402116,-1.1617343,-0.890077,0.10173873,0.0388384,7.1259956,2.3343742,-0.59523964,1.5966091,1.7762402,-2.0835981,0.31854278,0.34041327,0.110006906,2.8233588,-2.7197542,2.5401611,4.109065
1.0978805,-0.10918436,-1.7037498,-0.91375315,-0.6309543,-0.7173493,1.5671722,0.28738102,2.6647792,0.45015568,3.090828,1.8657173,-0.56080425,-1.229068,-0.15595591,-0.048856992,0.30672568,-1.19885,1.9106464,1.6728058
1.6455734,0.8132954,-1.3575321,-0.18084106,-1.8903121,0.0023260338,1.4142627,2.3683898,0.08408728,-0.49996692,2.061305,1.9513069,-1.3693566,-0.7618874,-1.356661,-0.47746468,1.225566,-1.3546474,2.4087427,0.40824622
2.33656,-1.0969857,-0.056425095,-0.30629495,-1.6586391,-0.44148612,2.985061,3.7631812,0.10629266,-0.36461923,2.0201583,3.009236,-1.2790684,-0.54337656,0.60398966,0.27642563,1.242793,-1.7705287,1.5478193,0.28674763
-0.45096198,-1.9401835,-0.6354723,0.41764963,-1.9200811,0.87561363,0.9114767,5.7439322,0.5711059,-1.6704069,2.0687346,1.8725226,-2.106225,0.48821798,-1.1715293,-1.7662522,1.949312,-1.5433273,2.460094,-0.2916269
1.7306423,-2.525832,-0.8063405,-0.8994036,-2.8521607,0.41753757,0.27305695,8.019423,1.215467,-1.2817138,2.51481,1.6479802,-0.32108966,0.2946552,-0.88846284,-1.5524045,2.8902373,-1.3642945,1.8859936,-1.0750889
1.1995196,-0.51541805,-2.4456475,-0.25139248,-1.8544164,0.06988113,0.3694345,8.907088,0.9731571,-0.5702643,1.985482,3.1915793,-1.6377679,1.7689887,-0.14631425,-1.5454496,0.98484313,-2.794433,1.7931689,0.6803782
0.67281246,-0.88732034,0.44656026,-0.9876028,-1.7323184,-0.65414596,1.9479959,6.7586055,-0.4646847,-0.9799784,2.4097042,1.7271063,-1.867521,0.681535,-0.680204,0.5092842,0.49017742,-0.8013075,2.0824797,0.27123776
1.9598677,-0.52251154,-1.4532547,-1.2778592,-1.5233508,-1.2904828,1.327603,0.91365355,2.612562,-0.69227827,3.0862253,1.4792001,-1.0068512,-1.1394658,0.03686812,0.13470615,1.5246501,-0.9821465,3.2033262,1.0301926
-0.53358877,-1.2917521,0.28454658,-1.1840835,-1.8825215,-1.3927156,0.18032432,7.7791095,-0.2831777,-1.4487431,3.190164,1.1038407,-1.8926305,0.8221026,-0.6725004,2.4965017,0.28568834,-0.9108965,2.3393948,1.0808233
1.2624483,-0.19530521,-1.7064185,-1.1749283,-0.10939456,-0.5579503,1.6267234,0.47975263,2.734949,0.36399707,2.9601228,0.4802651,-1.5016205,-1.0382283,-0.96278393,-0.38215902,1.2782395,-0.92654896,1.733773,2.4232044
2.2640305,-0.090675585,0.24367791,-1.2184527,-2.1126294,2.1446168,1.6928071,8.354892,-1.2627647,-1.1317027,1.1760798,1.1371521,-1.3305472,1.962814,-1.3277855,-2.1916778,1.2749095,-1.053283,2.4234605,0.23711744
2.0825047,0.2985185,-0.66378933,1.123867,-0.90482557,-0.060746446,1.0220281,1.2028654,0.9482307,-0.56868136,1.5815965,1.9883935,-1.3704633,-1.2876557,1.2980852,-0.31703705,0.9893657,-1.1909026,1.3648559,3.053647
2.9172387,-1.1288066,-1.4052638,1.5893545,-0.45028654,-0.71431077,-0.13975194,-0.39151677,1.2825514,0.5036721,0.5830687,1.2431128,-2.0107398,-0.94256574,2.3015616,0.60831636,0.34041795,0.17491344,1.3764017,1.4221615
0.6605481,-0.594165,-2.6967616,-1.4906216,-1.6751845,2.4904952,1.5842878,4.2858915,0.8591503,-0.14344886,3.08679,3.0607605,-2.02958,-0.5721453,-1.1539117,-2.213596,-0.12248441,-1.7353995,2.6222405,-0.12629005
0.99771225,-0.8623152,-1.5147047,-0.4759393,-1.9689656,-0.2181765,0.8986092,10.524474,-0.5493526,-0.78793013,2.6650844,2.5684035,-1.6024578,1.5584791,-1.7678813,-1.065177,1.4304099,-2.033587,1.6950822,0.24008195
-0.4634703,-1.2266921,-0.913028,-1.7570318,-2.465912,2.191246,0.7114841,7.05009,-0.2682019,-0.28936824,2.1496282,2.0280561,-1.0292538,0.88179314,-1.0118532,-1.3693761,2.239427,-0.6925323,1.42674,-0.35584503
1.0626179,-0.8827022,0.41538173,-0.27082327,-1.4899231,0.51169753,0.9783636,5.9779615,1.1068453,0.043835055,2.3414485,2.8249085,-1.8072021,0.24450444,-0.8484142,-2.459807,0.3991209,-1.1331295,1.6032726,-1.2671894
1.639572,-1.1737527,-2.0140855,-0.23746212,-1.8405806,0.6746148,2.7836773,7.2215357,-1.4460938,-0.62535703,0.9524051,2.7425592,-1.4567426,-0.1040489,-0.71086,0.049085096,2.1398022,-2.072612,2.455639,0.7679454
0.9671389,0.0931796,-0.6555585,-2.696033,-2.42363,2.3996744,1.676909,7.271722,0.5604189,-1.1346519,2.3045056,2.270757,-2.3436854,0.6690785,-0.6344956,-0.9548192,1.9158566,-2.1188087,2.104271,-0.6144897
1.8824391,0.9799191,-1.9728105,-0.6117159,-2.0594163,0.06545529,1.497716,2.1061137,-0.15938318,-0.4514101,2.1335819,1.1212158,-1.1979605,-0.7663008,-1.1710593,0.23032328,1.5505409,-1.6563159,1.9609221,0.2670048
0.26724297,-0.76012474,-2.2422018,-1.8243212,-1.6817521,1.258548,0.29271832,3.183182,0.12762564,-0.35574746,2.340661,3.0909643,-2.2305765,-0.43637398,-0.9991345,-2.438553,0.26943725,-1.4224672,2.4476705,0.48597947
0.41297588,-1.4489958,-2.0805655,-0.9621311,-1.8513077,-0.64016116,1.326848,3.7452836,-0.46716234,0.13331036,1.7385201,1.4592502,-1.464301,-0.55980617,-0.70627767,0.3346703,1.3411195,-1.5040063,2.109481,0.9008667
0.19889246,-1.0987586,-0.9482691,-1.0233016,-2.064298,0.1851795,1.4318075,6.7256265,0.67916274,-0.9603136,1.0605029,2.7036242,-0.9785643,-0.053461496,-1.6111854,-0.65865153,2.3984184,-1.3699063,2.0777097,2.176815
0.69183004,-1.4430866,-0.37395278,-1.5588056,-0.9219069,1.8140042,2.3979201,5.9865165,0.54802,-0.96516526,1.506993,4.1810684,-1.8554987,0.086882554,-1.8814172,-3.0545292,1.6865928,-1.6512096,1.894409,-0.7394656
1.1429052,0.5191903,-1.5170282,0.10063891,-1.7650033,-0.5071616,0.36911678,3.107389,-0.17391399,-0.6971707,1.9063597,2.177299,-0.69933426,-0.79057986,-0.9125361,-1.0558113,2.3475876,-1.2585297,2.4663198,0.5037116
3.0681815,-0.077404656,-1.5155318,0.23881866,-0.8150498,-0.8414304,0.3620413,2.3234935,1.6089736,1.3302602,1.7871,1.863604,-0.53686035,-0.9771699,0.062321577,-0.5650249,1.8147044,-0.38785022,1.4431654,2.4597518
3.7102146,0.7925052,-0.9330685,0.35613012,-0.9427695,-0.5676892,0.39608517,0.8724018,-0.9145539,0.888017,4.431589,1.7310209,-0.7739749,-1.351815,0.8362125,0.004457993,1.3688902,-1.3696274,1.932253,0.2448118
1.3274987,-0.7097873,0.23210412,-1.1636891,-1.0674282,1.203792,1.9684415,5.2590933,0.9336625,-0.6885806,2.046504,4.2138495,-2.1518474,0.43080434,-2.0005453,-3.3938677,1.166831,-1.6515888,2.7187471,-1.5575144
3.210282,0.08927548,-0.8951664,-0.5766004,-0.74955064,-0.73470247,0.3416359,2.481272,1.903195,0.975643,2.239508,2.6307118,-0.6349585,-0.9609682,-0.3585237,-1.1965059,1.5752345,-0.6168381,1.8556769,1.8492461
2.7963603,-0.0015662524,0.18180348,-0.42272547,-1.1630218,-1.6456053,-1.053062,-0.29034752,0.866756,0.4285801,2.0879123,0.30057207,-0.45043296,-1.5754542,-0.16611199,-0.6020853,1.2040607,-0.36100295,0.8208733,0.8416587
0.047455795,-1.3844341,-1.0564924,-1.0491581,-2.3285697,-1.035033,1.897261,8.6186075,0.2122367,-0.4455659,2.5877233,2.0018017,-1.4164317,0.29208305,-1.34165,-1.4151698,2.600123,-1.4227005,2.0832446,0.8975762
1.5604584,0.7319767,-0.4251724,0.68525267,-1.4794755,-0.2906034,-0.97133523,2.2325804,0.8750515,-0.01977098,1.570891,0.7413498,-1.1925902,-0.8321398,0.60404605,-0.14787142,0.40738326,-1.149092,2.68553,-1.3950446
1.1360207,-0.48840886,-0.34161538,-0.20028707,-2.093254,1.1873307,0.6399307,8.91264,-0.15191558,-1.4590808,1.5996333,1.305047,-1.174477,1.3029078,-1.0318671,-2.4180357,1.7076105,-0.974982,2.1025367,1.0836086
0.86510056,-0.5052633,-0.758088,-0.9372789,-1.4303721,-0.3174687,0.73584634,5.0860023,0.5784838,0.3220599,2.3205264,2.543679,-1.6399945,-0.08765586,-0.15757221,-0.9468757,0.5019288,-1.4737666,2.2221956,-0.6650126
0.06755669,-1.3081905,-0.3994889,-1.241427,-1.4176487,-0.4771251,0.2829586,5.8413615,0.36954698,-0.8087975,1.3916111,1.7691636,-1.490932,0.996764,-1.0764898,-1.5585684,2.0534506,-2.7495763,1.4784464,-1.7292875
1.5026433,-0.5980804,-3.077655,0.46479845,-1.8186357,0.8478421,2.8658993,4.8191814,-0.8540703,-0.38319454,0.7945789,1.8693392,-0.8500099,-0.10274404,-2.0695922,0.4790501,0.7256871,-1.7153163,3.8630848,-0.48943934
1.4078543,0.19904363,-0.3760466,-0.6553752,-1.5663542,1.1930836,0.63137984,7.0709515,2.194882,-0.42386195,1.8762078,2.46952,-1.1629248,0.7713908,-0.5214914,-0.5000645,2.3563275,-1.5137823,1.596191,-0.12523001
0.9507742,0.2175488,-0.27459314,-1.8121595,-1.9405999,0.36102626,1.0810547,4.3630924,-0.25889766,0.2820572,2.4381177,2.5755794,-2.2309003,0.3620741,-1.6505716,0.29185703,1.7396157,-0.8560604,2.0475404,1.5239229
2.0524142,-0.94009775,-2.1687114,-1.095048,-1.0908428,0.0125719365,1.3149004,1.9234905,2.166957,0.8549567,3.0132396,2.5585103,-1.3256558,-0.36940202,0.027020864,1.0471828,0.8609979,-1.2352991,1.9899796,0.97690284
4.2267947,0.11435403,-2.0332808,1.4349082,-0.41896605,-0.15911119,0.8707509,0.3871043,0.65318453,0.27046865,2.0241065,1.2702669,-1.6577011,-1.1787168,0.6480772,-0.58846927,0.7851905,-0.53193504,1.8529708,2.256966
3.2466807,0.0956475,0.2499086,-0.17048253,-1.0072299,-1.5214185,-0.87838167,-0.49984977,0.5949222,0.7088114,1.83285,0.36076325,-0.24631847,-1.5151784,-0.09050182,-1.016164,0.8302323,-0.45585594,1.0283462,0.73166597
3.7578824,-0.8388774,-1.2627143,0.35730204,-1.460418,-1.6510665,0.5650554,1.2785412,0.9786422,0.9940872,2.4018807,2.2611885,-1.277258,-0.7814113,-1.0206954,-0.55870205,0.35779825,-1.2264568,2.7223682,2.1944861
1.1851604,-1.2153778,-2.029425,-0.69394314,-1.9542786,2.0432925,2.5224106,8.107732,-1.205718,-0.88339186,0.37300953,2.4225707,-1.6839472,-0.016624494,-1.3123437,-0.37244403,2.3983593,-2.1861753,2.2757869,1.575628
3.8918715,-0.8402497,-1.3696331,1.5874104,-0.4373234,-1.9307647,1.9797025,2.0392072,1.8474213,1.3916576,2.8137724,1.3085274,-0.5481379,-1.1262487,2.1615083,0.080350816,0.85502756,0.07609223,1.2410772,2.109324
3.1170404,-0.09045119,1.0888281,1.1788921,-0.51133364,-2.3069608,-0.90952265,1.1015348,1.2059993,0.98801297,2.8109932,2.1485186,-0.5924331,-0.6480129,1.9321805,-0.69195753,0.7444374,-0.4327648,1.1484252,0.78517085
-0.17042914,-0.6937383,0.46055573,-0.85299355,-1.852138,0.7509808,0.4715264,8.448532,-1.4342271,-1.1677401,0.31133935,2.6511576,-1.7884283,0.19726369,-0.3119032,-0.7195704,2.8650486,-2.4807563,2.601611,0.80610514
1.551305,0.35503182,-0.6917426,0.11109603,-1.2747868,0.32273662,2.0800703,5.134741,-1.1388292,-1.0365778,3.239222,2.098443,-1.0882323,0.19825147,-1.2594895,0.08069846,0.69780093,-1.3059596,2.7761445,1.1703981
2.7048836,1.0005102,0.6610564,0.5358797,-0.12072336,-0.32947245,-1.438211,1.4149655,-0.43942627,0.18973194,2.9424703,0.6147627,-0.6346204,-1.1259735,0.1954982,-0.5607033,1.2214124,-0.90496284,0.9098207,-0.2982104
0.873463,0.120126,-0.6891273,-2.8067818,-2.3591955,2.212093,1.9695331,7.1305614,0.42611012,-1.158261,2.5765545,2.203212,-2.2727792,0.6776127,-0.55171406,-1.0186077,2.0025077,-2.101091,2.1096456,-0.7026046
4.3269224,-0.17784843,-0.8121582,2.7302399,-1.9842266,-1.9436413,0.087804236,2.6325436,0.8512207,0.88787663,1.8146931,1.6460282,-0.929002,-0.885026,0.09953331,-0.30110773,2.082378,-1.2003709,0.725538,1.1779518
2.299555,0.31271544,-2.023917,0.04811979,-1.6372113,-0.8500862,1.328621,1.32658,-1.4268066,0.5911682,0.5622254,1.3340422,-0.7503445,-0.5365571,-0.93409073,-0.5457384,1.0353633,-1.4471987,1.9431133,0.25918773
2.62879,-0.10555882,-1.411587,1.352281,-0.97003436,-0.59447044,1.1439337,-0.17577873,0.28324378,0.817033,2.818744,0.079292715,-1.058368,-1.8070422,0.2967608,-0.5115148,1.1121684,-0.5874041,1.5685648,1.9056138
3.5565622,-1.3734149,-0.88646495,-0.41174012,-1.6912524,-0.7160136,3.6229708,4.8252416,-1.1380864,-0.32856643,1.7800813,3.6739864,-1.80716,-0.062433545,-0.21163061,-1.2887777,2.0374067,-2.0106332,1.2507622,-0.456974
1.1942251,-0.97405726,-0.13990788,-1.3912673,-2.18298,-0.72499746,0.75388694,8.482355,1.599554,-0.48968142,1.4724562,1.0560206,-2.341328,0.6250875,-0.9851311,0.36134848,1.3496438,-1.0621489,2.5118365,2.0943613
1.175065,1.1186789,-0.7923336,0.21190995,-0.48034394,-0.68520176,-0.6149813,1.6544075,0.33725083,0.10663448,2.3976073,1.3294597,-0.94332474,-0.8312306,0.6800211,-0.18371531,-0.012015789,-0.95970696,1.7283491,-1.2398949
0.14206795,0.2834786,-1.1436123,-0.8445917,-1.2349179,-0.34332293,0.92321163,4.6333117,-1.1685954,0.117585,2.2665684,2.5056307,-2.2452497,0.22500464,-1.1751901,-1.1609774,0.6252154,-0.7150554,2.395793,0.8650036
0.78546625,-0.4618932,-1.0958726,-1.7003555,-1.7587674,-0.11860995,0.26883236,4.665647,-0.06564767,-0.034148294,1.9001231,2.4421763,-2.1445231,0.3047986,-1.1004252,0.028835442,1.3382752,-0.8072499,2.0578816,0.8618389
0.01877768,0.23379557,-0.7037105,-1.2835118,-1.8638031,0.6035596,2.053288,4.688953,-0.9442756,0.061817344,2.3510554,2.3632374,-1.7974128,0.00044915781,-0.7747202,-1.0838147,0.8547788,-1.0832103,2.5552359,0.9972283
0.25038385,0.179463,-1.7573189,-1.5634917,-1.79058,0.58283025,0.0038488505,7.2998004,0.64773124,-1.4722456,1.1745696,1.1631329,-0.5822069,0.5537395,-0.8293793,-0.96605855,2.391849,-1.1707969,2.2016957,1.366705
1.2399304,0.4574202,-0.75034666,-1.2700557,-1.1765761,-1.9953917,1.5089781,0.86189777,-0.6276104,0.105269045,2.346527,2.6507807,-1.1724528,-0.70503956,-1.8928807,-1.5205439,0.8719598,-1.0924934,1.2838912,0.15977281
1.3543708,-1.3552797,-2.1175768,-0.8082401,-1.8879089,1.9878019,2.5121078,8.360765,-1.0627362,-1.1266738,0.15174864,2.1802235,-1.6015229,-0.07948397,-1.3163697,-0.121187426,2.1717527,-2.0710945,2.3367243,1.6092683
-0.42296854,-0.9060298,-0.18444332,-1.0080799,-2.5504713,0.40432897,-0.016764535,7.764742,1.0661014,-0.894921,3.1686132,2.1415837,-1.5803624,0.39557657,-0.6630479,-1.3742553,2.1135297,-1.0555874,1.7213963,0.18372346
3.8985302,-1.2011563,-0.84532326,-0.28115374,-0.74581325,-0.0060770717,2.0979724,0.90263534,1.6780565,0.27598202,2.2607067,2.6840312,-1.7933419,-0.90755355,-0.22900808,0.72831064,1.8435332,-2.052897,1.8091464,-0.26302338
2.5186617,-0.27534842,-0.0058885613,1.0871793,-2.3855226,0.015609172,2.31491,6.180327,-0.11890207,-1.0615046,1.1685756,2.2057328,-1.7143596,0.30789202,0.16996308,-1.7536545,-0.08793976,-1.5388916,2.0047023,1.3619412
0.749146,-0.37073994,-1.3172911,-1.5381294,-2.4611487,1.4326833,0.7472159,7.5144076,-0.012923762,-0.69554305,2.9206667,2.236387,-2.1852088,1.3871193,-0.83720165,-0.54149336,2.291017,-1.8473238,1.9940497,0.2764255
0.22736746,-0.59258157,-1.5082057,-0.35216498,-1.3955193,2.1180074,0.6037611,4.4633904,-2.8475885,-0.73156524,0.6045771,4.115612,-1.8480895,0.7700692,-0.9692373,-2.8775456,1.2775446,-0.8941919,1.9980401,-1.8145934
1.1885434,-0.40016958,0.65543056,-0.62214255,-2.5395608,-0.06565162,1.0782447,8.807043,0.23128876,-0.7617513,2.115685,1.7164924,-0.5817859,0.9330131,1.8122618,-1.017887,2.1841424,-1.1262294,2.7670774,2.722185
0.8767713,-1.6151516,0.6798918,-1.6154841,-1.5677726,-0.40406287,0.80123025,9.604429,-0.25149858,-0.768538,2.5938733,3.2351687,-1.3386824,0.036465194,-0.26967296,-1.8146219,2.9517417,-1.1839615,0.8356053,0.5468173
0.6048653,-0.24170043,-0.4613999,-2.3231497,-2.2216628,0.21460272,1.6830324,6.725274,0.72903746,-1.4407325,0.21456659,2.5853963,-2.5794616,2.4437811,-1.6724486,-0.5238946,0.22353637,-1.6110584,1.818858,1.0445244
2.1798446,-0.61968464,-1.6530962,-0.8900724,-2.2139423,0.22056884,1.9445986,6.0751534,1.0349673,-0.886288,1.284368,3.848602,-1.3520886,0.170889,0.8394428,-1.6759938,2.1351507,-2.0462954,2.557413,-0.22990867
2.1854444,-0.18852866,-1.2967485,0.35549048,-0.95340496,-0.55552244,1.5909652,1.9641556,1.0546911,0.5080861,2.2865522,2.3988395,-0.79605305,-0.7264296,0.070585325,-0.23048742,0.86337835,-1.549604,1.8678741,2.1169055
1.4951816,-0.21901166,0.36543006,-0.010644955,-0.21025762,0.35461462,-1.1987767,0.60991675,0.2967298,1.3952163,0.75623804,0.16884008,-0.9248528,-0.54337746,1.3171695,-0.4125947,0.3471721,0.20071982,0.04457574,-0.4587096
3.5426688,-0.27922186,-1.4763749,1.6775126,-0.6470738,-1.3430641,2.4255497,2.312518,0.9257756,1.095083,2.6991992,1.0291762,-0.98589665,-1.3593414,1.8710848,0.12057614,0.5566303,0.08499068,0.8968839,2.5807283
1.341018,-1.3436276,-0.2461984,-1.2357786,-1.7843468,0.8465449,-0.037572112,6.500009,-0.42237616,-0.661585,2.6230884,1.611453,-1.1128411,0.44611388,0.1085927,-1.1624862,1.8911227,-1.1308315,1.3798194,0.73480916
0.20013395,0.9558433,0.14451477,-1.6072613,-0.21044315,-0.3166717,-0.66652566,0.4810017,0.80015045,1.808848,0.35937652,0.95832056,0.05831361,-0.8922306,2.336047,-1.0088948,0.9140541,-0.35978678,0.6060061,0.94454324
-0.16140772,-0.46408433,-1.9985209,-0.7303978,-1.3089882,1.2035489,0.24743932,11.006009,0.10315028,-1.6541024,0.18202889,1.502341,-2.194557,1.6776623,-0.69457257,-0.44269344,0.5542526,-2.34257,2.2931516,-0.82499224
0.36703822,-0.96416515,0.2726901,-1.526078,-1.7706362,-0.21090065,1.9823672,5.9625635,0.42582688,-1.0551847,1.8012556,3.1097739,-1.8669281,0.47685516,-0.8332157,0.15085515,1.2351539,-1.8489282,1.240511,1.7168258
-1.1128491,-1.4437772,-0.72937626,-1.1844003,-1.9678663,1.0191351,2.0091875,7.636686,0.17263648,-1.5155416,2.1918263,1.3957763,-1.1471887,-0.11252312,-0.068989456,-1.2717619,2.1536455,-1.7567853,1.6289171,-0.5649241
5.2000203,-2.0120842,-1.295163,-0.039484393,-1.2091062,1.5754339,2.324592,4.9340806,2.4040306,0.3145614,4.2419477,3.3896008,-1.0559874,0.20249707,0.775337,0.1449817,1.8264334,-1.3794382,2.5053058,0.46959072
0.37431735,-1.5689998,-1.4384744,-1.9812461,-2.184763,0.39302602,1.2940567,12.851495,0.8010649,-2.621603,1.5799809,1.4922704,-1.9621472,2.4852598,-1.6088377,-0.3600994,1.1529241,-1.9312528,1.8395442,-0.35862064
2.2977831,-0.69057643,0.053283196,-0.24539961,-2.317233,0.076404594,0.26295596,7.642509,-0.017697195,-0.40632993,3.7677138,0.62387365,-0.9758065,1.6028491,0.20618394,-0.88992405,1.961117,-0.8595529,2.432935,1.4993218
2.6023579,-0.76076907,-1.3246304,0.8836042,-1.1180372,-1.5752548,1.6923836,1.3429018,0.3340523,0.882746,2.3774307,2.052993,-1.4932257,-1.2089128,-0.24983582,-0.9528726,1.3404496,-1.5284525,2.0792418,2.8541067
1.5236111,-0.6279146,-1.7837691,0.00020173045,-1.5220737,-0.29493517,1.6376351,5.089323,0.07830477,-0.06348005,2.1802866,3.138334,-1.6663961,-0.56804085,-1.1033579,0.42389542,1.1297294,-1.4834504,2.1410747,0.23543884
2.840939,0.086936265,-0.7349227,-0.28924003,-2.3254333,-1.7033379,-0.5982337,1.0566379,0.20319456,0.4721101,4.486824,2.5457692,-1.8384637,-0.8370187,0.51627535,-1.0948066,3.294966,-1.7849846,1.6766392,2.9088414
-0.93330747,-1.8150452,-1.2333738,0.7366445,-2.4023142,0.87852824,1.4194554,7.0795383,-0.17718351,-0.92427135,1.9951099,1.7196256,-2.1436212,0.008951651,-1.3785727,-1.6414276,1.6342444,-0.95897394,1.7237211,-0.663911
2.8160274,-1.0051882,-0.013717892,-0.7943856,-1.6082428,-1.1194892,2.8063235,3.4887514,0.25444812,0.09600403,1.5896082,3.7446105,-1.3964317,0.22075157,-0.051067077,-0.8800885,2.988641,-2.02855,1.5468549,0.93623286
0.13913612,-0.83266205,-0.020018823,0.21448302,-1.4552346,1.5347874,1.1114388,8.00171,1.4157604,-0.23175341,2.6386163,1.9694299,-1.3665739,0.24801207,-0.12047721,-1.7209307,3.0614455,-1.425666,1.9562445,0.45269075
1.9036882,-0.15660854,0.6852509,-1.5020344,-1.2779994,-1.4550929,-1.3594311,-0.32334492,0.054161765,1.45195,0.99543303,1.1486535,-0.10776838,-1.2351813,-0.2801045,0.12126756,1.2239621,-0.019644713,0.6628198,1.0741355
3.2189867,-1.2594051,-0.68178743,1.7168659,-2.7592838,-0.9749921,0.6868294,2.4750056,1.6626098,0.6733466,1.4626366,2.2213824,-1.1869322,-0.7971611,1.248765,0.08795409,1.1967044,-0.96919715,1.0709783,0.26328158
1.2721841,-1.355861,-1.7906127,-0.7297293,-2.153572,-0.55407447,0.76166165,10.047049,1.7971137,-0.6412315,1.6797825,1.740916,-2.0238163,1.0456754,0.21189457,-0.8038555,1.9958404,-2.6260872,2.019062,2.7180657
0.313201,0.071108036,-0.23999628,0.3779555,-2.6527884,1.1579413,0.4040489,5.554402,-0.45623413,-0.98805374,2.3461134,1.0976243,-1.7631217,0.6348769,-0.27454224,-1.0502383,2.5776722,-2.2913613,1.5915227,1.3655171
2.1647272,-0.8314949,-1.426767,-0.7185999,-1.760323,-1.8569572,1.4113911,1.0530272,1.3331763,-0.447378,1.1762642,1.8986169,-0.8342345,-0.9805311,-0.68852353,-0.12165591,2.3391185,0.07455041,1.4421402,0.48276958
2.745757,1.1167822,0.7489696,0.6617173,-0.1672577,-0.44617936,-1.3647548,1.7795975,-0.40751547,0.23326492,2.9202812,0.31986815,-0.72622776,-1.1701734,0.025843082,-0.61946976,1.1359938,-0.5579379,0.7015872,-0.2688374
0.8340142,0.5272694,-0.32151145,-1.075105,-1.615552,0.811078,2.2528243,4.185992,-0.77532613,0.07446956,2.3138404,2.5432537,-1.6219692,0.047326166,-0.45983317,-0.59377927,1.0374845,-0.99017876,2.1464677,1.2527046
2.100568,-0.39147687,-1.1133602,-0.5058021,0.61908007,-0.7168388,1.60779,1.5270184,1.3499862,-0.69818604,0.8106557,2.1832798,-1.3525145,-1.0261981,-0.72057843,-0.36034495,2.488435,-0.35124892,-0.27118728,2.2423213
1.385107,-0.27656928,-0.74109113,1.0083575,-1.5902526,-1.3728015,0.8225394,1.9861846,2.2557898,-0.25591406,0.9702481,0.74944544,0.07261563,-1.0525972,0.30029187,-1.5308179,2.091205,0.22476104,1.6192653,2.1386611
1.0455457,-1.9541062,0.9025856,0.61208946,-1.6376954,0.020299379,-0.44469392,6.007248,-0.34259713,-1.6216948,2.3734033,0.9092018,-1.1586785,0.20540105,0.23644716,-0.01169779,2.2863176,-1.3127893,3.0438964,0.22058037
4.943173,-2.016724,-1.237799,2.371896,-2.4233367,-1.3892792,1.2956424,2.5974498,1.790256,1.8933415,2.324297,2.2188654,-1.275524,-0.9826919,0.87996763,-0.20816837,1.7006727,-0.8386421,1.055949,0.03889382
-0.5013327,-0.72923833,-1.8233281,0.05275959,-2.0034523,1.0042607,-0.39049575,9.448171,-0.036091596,-0.7294913,3.1230736,2.3960965,-1.5030907,1.7074468,0.122989774,-1.2441235,2.2757185,-1.7465887,1.3033041,0.6641384
1.7999798,-1.1881508,-1.0333643,-0.92445046,-1.3277261,0.29392275,1.8548346,5.0449295,0.15674163,-1.0004393,2.199055,3.2250533,-1.489094,0.68286026,-0.010444199,0.15137888,1.9821432,-1.6278855,0.6985299,1.3351549
2.6184452,-1.5274017,-2.2672234,1.1999111,-2.3325737,-0.7017978,1.7175951,1.5378544,0.5575337,1.8630012,2.1825671,1.6603055,-1.7247972,-0.9168415,0.49626163,-0.5729726,-0.04212484,-1.0551915,1.979778,3.6916254
1.7593175,0.08835488,-0.7997523,0.69438213,-1.3607416,-1.1397071,0.34267065,1.81432,2.5940552,-0.20346703,1.2529998,0.3493422,-0.06725279,-0.9289473,0.009802111,-1.7427254,2.2030163,0.20010066,1.5052861,1.8450572
0.7371338,-0.75683063,-0.19351834,-1.0245641,-0.7142531,0.11549687,0.08251099,7.0443625,2.0606198,-0.5966522,1.7085503,1.7856975,-2.0879626,0.38707125,0.42364508,0.11740469,2.7914152,-2.7348044,2.5269113,4.4048514
1.67392,-0.94015306,-1.4626746,-0.29341653,-2.149281,3.200996,2.032177,7.5368223,0.47454625,-1.4951427,0.6654345,0.9391208,-1.4407704,0.87921554,-1.6463275,-0.7215529,2.500336,-1.5615461,2.2101412,-0.6258883
2.0232217,-2.3547752,-0.7244678,-0.6203994,-2.6835105,0.6530924,0.43022612,8.2500725,0.78842294,-1.164298,2.6572092,1.6949043,-0.20904593,0.35022253,-0.7293618,-1.4606198,2.603014,-1.4857882,1.8238189,-1.0180727
1.9476501,-1.2699045,-0.93092215,-0.927392,-2.2146814,0.059705433,0.11158621,11.801861,0.55862117,-1.5831525,1.5685344,1.5281214,-1.7740563,1.5292293,-0.80228055,-0.7182089,1.8125559,-1.5251026,0.9291054,0.06413345
0.24496785,0.32639813,-1.155218,0.35057306,-1.5827385,-0.5778237,0.011135755,1.5106725,-0.6617241,0.72200835,1.6086498,0.91664964,-1.2734863,-0.8034377,0.82956564,-0.57637703,-0.067699894,-0.8666893,0.61109984,-1.1848228
3.0757554,-0.9072252,-1.27755,0.67985004,-1.8374479,-1.5460172,0.24672747,1.7732772,0.8572391,1.0198318,3.0177095,3.2711718,-1.0484761,-0.7539499,1.0153644,0.41892308,2.024198,-0.39670593,2.3067932,0.7359847
2.3633225,-0.061746646,-0.9295651,1.6265975,-0.49481955,-0.84889394,1.7584811,1.0991944,0.24695155,0.37298402,3.4521291,1.9284807,-1.5369086,-0.8167497,0.2070483,0.44489497,0.88319504,-0.466047,1.2411169,3.1211393
1.4517835,0.4825502,-0.17793393,-0.15981968,-1.888463,1.4310555,0.0022700117,4.3087335,0.2034365,0.8085332,2.8592675,2.9486434,-1.1702563,-0.34714,-0.73385954,-1.3201029,0.34507346,-1.5518932,2.7985408,-1.851572
2.591429,-0.6638774,-0.8951002,-0.079390414,-1.8386629,-1.0427505,1.1190348,6.245265,1.8303556,0.6787648,2.5237494,2.2997262,-1.4296416,-0.2150957,0.5862545,-2.070253,1.3153793,-1.374466,1.8465991,0.7269746
-0.16407575,-0.24958722,-1.1978916,-1.6457485,-2.164806,0.08102806,1.24725,8.108537,-1.5433747,-1.5111859,1.7941991,1.4387258,-0.45427114,0.51759845,-0.47305045,-0.36693987,2.4748268,-1.0813389,1.9121242,0.3916378
2.999558,0.46421844,-0.8550802,0.2814773,-0.5694004,-0.2974987,0.41602173,2.0750103,1.1780446,0.66413736,1.8666831,2.4473436,-1.5912849,-0.7528452,0.35847595,-1.3319031,0.101365075,-1.6726592,1.5905039,0.8704501
0.31830534,-1.9898627,-2.1158087,-1.6250427,-1.7672263,0.9554585,2.734662,8.850384,0.6693245,-1.082195,1.2128145,0.55942565,-1.643725,1.2971625,-0.641828,-0.25798234,3.4503512,-1.0899366,2.7513347,0.7697318
0.47990802,-1.3110474,-0.895071,-1.243056,-1.5262665,1.2255324,0.29156178,6.4523335,0.1563948,-0.6941072,0.3208554,2.1764274,-1.3430489,0.37579888,-0.83057433,-1.5953935,2.6172578,-2.153839,1.1698036,-0.40763125
1.4558716,-1.9054577,-2.8175578,-1.5806638,-2.435545,-0.44899946,1.0208389,6.976515,1.3306468,-0.38546225,1.9363223,2.216152,-0.9907438,0.34331128,-0.5420359,0.45960718,2.0505073,-1.5120436,1.6489445,1.513475
1.614839,0.6969476,-0.92594284,-0.40552202,-0.1274796,-0.15273768,0.5529573,0.33975208,0.7970907,1.5607418,0.39647773,1.6646458,-0.66664165,-0.9650968,1.0728889,-1.2099419,0.51575077,-0.5910822,0.70627564,1.0982074
4.7635865,0.6594017,-1.6206571,1.005551,-1.3776152,0.26463044,0.77435666,0.7680622,1.3799739,0.31588724,1.9423801,1.3250854,-0.4894038,-0.71630234,0.31304735,-1.4344828,1.4964178,0.6798275,1.717556,0.40280592
0.9959513,-0.8231701,-1.6358963,0.33223936,-0.9743729,0.6634054,0.62050664,2.8092356,-0.37304255,0.006168776,1.3565677,1.4158225,-0.89165777,-1.1616763,-0.7166681,-0.48455295,-0.083211675,-1.2259088,2.1483006,-0.41273174
4.316972,-2.2437334,-1.021181,-0.23939659,-1.3305885,1.2223227,2.2541068,4.8574357,2.7796862,0.26886955,3.7760682,2.9388025,-1.1163499,0.064582996,0.9204338,0.14892533,1.6916952,-1.4636434,2.5918174,0.6045156
0.7836166,0.37457767,-0.048504952,-0.9762744,-1.3521311,0.41042337,1.0541002,7.4794135,0.38164356,-1.4282446,2.3971858,1.1278288,-0.9400152,0.24141042,-0.5602331,-1.4584897,1.7066195,-1.2093713,2.7619305,0.95292705
0.26612872,-1.1986923,-1.2436556,-1.1421553,-1.809855,1.9437516,1.3642805,9.366698,-0.1374547,-1.241689,-0.23927581,2.108843,-2.007014,1.279912,-1.1612366,-1.4409792,1.6342245,-2.303949,1.2290959,-0.44812566
4.138439,0.6771028,-0.18432853,0.8585538,-1.3265991,-0.5157797,0.31669968,0.8471314,1.4369259,0.6639994,2.0344748,0.117608756,-0.1671572,-0.6059755,-0.06394419,-0.58696884,1.4894223,-0.73939204,1.0752485,1.4372721
1.0081427,-1.1398927,-1.9428208,-1.6277969,-2.5391073,-0.7329225,0.51514614,9.422136,0.41002986,-1.0671403,2.912231,1.3177456,-1.3837248,1.7149584,0.08609405,0.0972888,2.1103637,-1.6029812,1.270569,0.90743226
0.7057398,-0.019109724,-1.5504959,-1.1634003,-1.391521,2.6516411,1.7757899,1.9130465,-0.57157564,0.7409952,3.7009454,2.6420176,-2.2370057,-0.19567285,-1.1279117,-2.5436554,0.794797,-2.1577415,3.1198597,-0.30880255
3.0563293,0.59436685,-1.0002307,1.0663415,-1.2980511,-0.11470115,0.4724911,0.70864075,0.5614774,0.26807073,3.1331742,1.1591152,-0.95899105,-0.9149625,0.4003114,-0.78816915,1.8869482,0.4294413,2.0436249,1.530046
0.25485602,-0.7318394,0.025187735,0.4382149,-0.9209122,-0.5335441,0.05077392,0.6690678,1.0518355,0.7371617,4.069265,0.70296735,-1.519978,-1.1650655,1.2006185,-1.1183912,1.8229613,-1.0185105,0.9518506,0.1647963
0.18628082,-1.0893174,0.11323857,-0.5067186,-0.95967937,0.4689452,2.0083158,5.837649,0.53814363,-0.4728921,2.608445,2.9133012,-1.6969126,0.69911474,-1.8913548,-2.2579036,0.4212335,-1.4869071,1.7811551,-1.6632009
3.1031857,-0.20403542,1.0514457,1.4040265,-0.7692472,-0.24669176,0.6083528,-0.62969685,1.2917854,1.4690748,1.4873995,0.45782226,0.11505932,-1.411517,1.110326,-3.1360738,0.64705443,0.41167498,0.7553307,1.5767964
1.9899647,-0.63718796,-1.3612697,-0.11060733,-2.1629047,2.5042884,1.7570161,8.078713,0.33254555,-1.4466938,1.4012474,0.74484754,-1.4406092,0.46546867,-1.5872934,-0.72925985,2.9111557,-1.5458412,2.0104675,-1.2138555
1.4031236,0.5547491,-0.97537136,-1.0016098,-1.0834671,-2.0480556,1.1446226,0.95685124,-0.5665903,0.3314287,2.0332103,2.657396,-1.0371716,-0.55387205,-1.7897596,-1.437378,0.7590016,-1.0904089,1.4223472,0.26693806
3.6786466,0.030478034,-0.7120578,2.2836556,-2.427853,-1.781505,0.13334869,2.6037886,0.99845785,0.81966823,2.770886,1.3948827,-0.9379623,-0.8864005,0.6057776,-1.073039,1.7184589,-1.2264477,0.98535573,0.35756266
-0.28058714,-0.4544579,-2.2411137,-0.7167683,-1.5232952,1.3378581,0.9444536,11.098997,0.064728305,-1.4045526,0.5697259,1.3194003,-2.117793,1.2607276,-0.8952581,-0.13540499,0.80268514,-2.2733655,2.1627843,-0.9429771
-0.26251277,-0.66629475,-0.5255304,-1.7699313,-1.7287577,1.1537902,0.95327795,10.732063,0.034288887,-1.7747123,0.54507166,1.4378133,-1.3940086,1.1967138,-1.7395558,-0.56021637,2.260742,-2.251154,0.98278296,-0.20517212
0.10893284,-1.1531812,-1.2921354,-1.1888644,-1.893039,1.740092,1.0268404,9.4294,-0.051487725,-1.1914209,-0.30867118,2.0294974,-1.9526283,1.1682982,-1.0740585,-1.0287467,1.5664424,-2.27487,1.3338569,-0.45122927
1.9976197,0.8664604,-1.1044148,0.0048588985,-0.6441014,-0.39828917,-0.86745846,1.7321674,0.011968017,0.4380188,2.3690312,1.5945286,-0.9857608,-0.72931534,0.5278605,-0.5461646,0.2475252,-0.8985775,2.0421855,-0.8836715
-0.19272526,-0.4700283,0.44621986,-0.93578076,-1.757794,0.10005412,0.3504034,8.076697,-1.3788924,-1.2870601,0.38612744,2.3589246,-1.8475417,0.34372893,-0.06068861,-0.6969839,2.7752972,-2.571518,2.6368914,0.35951486
0.079887584,-1.3171386,-1.1392133,-0.8942398,-1.8380083,0.35460812,1.4419372,10.0642185,1.3426709,-0.36614814,2.3385365,2.7457411,-1.330188,1.591533,-1.1109037,-1.3373815,0.9224466,-2.1661804,1.9638726,0.43708897
1.3653861,-0.31654596,2.1676216,0.013167521,0.026884496,-0.6979804,0.5981639,-0.39748725,0.4539645,0.8692413,1.444206,0.5444204,-0.5540509,-1.0428009,1.0846558,-0.36810946,0.9629174,0.40782183,1.2644129,3.175912
0.31317008,-0.46358,-1.0533185,-1.1059726,-2.1000333,0.3486489,1.6487455,8.887364,1.0584276,-2.3956118,0.5769839,1.3835278,-1.2642705,0.8580692,-1.2229147,-0.19505867,1.4553326,-1.3698757,1.4274312,2.2822423
0.111246556,-1.716479,-1.0480154,-0.043285742,-2.4667764,1.0421858,-0.5162165,5.5249515,0.28649986,-1.6029396,2.6483722,2.5556383,-2.437372,0.7064124,-1.5074106,-0.5932504,1.9508452,-1.235636,1.9131212,0.19808553
2.1997645,-0.012119154,-0.3761197,0.6210463,-0.60016483,0.5683653,-0.66973877,1.0322484,0.422255,0.30637294,3.1597433,1.3317245,-1.0987896,-1.1349913,0.47099766,-1.389206,1.0805264,-0.68623495,2.0152166,0.031557754
-0.3811908,-1.1342089,-1.4830716,-0.8056537,-1.5493667,-0.4977478,0.97702664,10.173367,-0.13127309,-1.2705415,2.025464,1.2161531,-1.5295544,1.6244977,-0.2759561,-0.9140259,0.7958885,-1.7174863,0.30178177,0.9745913
-0.12161452,-0.09649045,-1.352847,-1.1555526,-2.307443,1.4001604,1.9545157,9.72686,-0.99491,-1.7835906,0.07521186,0.6343939,-1.9016873,1.8974632,-0.6688333,-1.789479,2.187395,-2.3601,0.7781994,0.21908143
1.9246949,0.09928523,-2.487678,0.39927426,-1.730909,0.75039834,2.8407805,4.904286,-1.0439088,-0.09454711,0.7589023,2.144612,-1.4000589,0.261283,-1.7380264,0.1372324,1.1230692,-1.6121563,4.850774,-0.9471012
1.9444503,-0.04675505,-0.3917367,0.9836497,-1.2996961,-0.065276735,0.20053667,0.033117082,-0.26297212,1.0021596,4.5519824,1.9289573,-1.1801213,-1.1548675,0.62259555,0.052504353,2.6388695,-1.2993094,2.0041807,0.49940622
1.6872199,-0.76751965,-1.8517267,-0.7243916,-2.7688699,-0.021805862,2.333979,11.121828,0.2749027,-0.6390972,2.1504357,3.8312883,-1.4029199,1.3264495,-1.3302877,-1.5004296,2.5544875,-1.8227129,1.3502859,-1.2889892
0.32537025,-0.61088043,-1.2997231,-1.2629975,-1.2047338,-0.52891546,1.5008386,4.4443626,1.0800873,0.6635614,1.1011521,2.5249426,-1.9575679,0.47785646,-0.72598714,-0.01074209,1.8113666,-1.5698286,2.0293813,1.6516683
0.10008361,-1.2494861,-0.5310517,-1.2007293,-1.6820948,0.85468495,-0.19980642,5.7443953,0.29135206,-0.8306691,0.3957646,2.3924756,-1.4689766,0.59693056,-0.733283,-1.8658915,2.5606158,-2.2834222,1.3882027,-0.34471235
1.892423,0.7652721,1.0829247,0.47181812,-1.2712382,-1.0300572,-0.79628116,-0.15517448,-0.9754666,2.0503378,0.11830091,0.61636466,-0.14779401,-1.109034,0.6002556,-1.2610489,0.08448776,0.4064971,0.31415263,0.91492075
1.9857949,-1.4563361,-1.0784047,-0.29463467,-2.3997798,-0.38145998,0.4647589,5.1189294,-0.71750176,0.5121755,1.313262,3.2817147,-1.3141558,0.43901864,-1.1723729,-0.63523006,1.9533557,-1.7005669,1.4078873,0.67209405
3.0113797,-0.71671873,-0.5687722,-0.32976782,-1.116383,-1.3682495,0.25316635,0.47877273,0.96833277,0.6472877,2.6771495,2.1653488,-0.32166165,-1.312187,1.0019544,0.1332713,0.58799607,-0.4210101,1.0026847,1.3487285
0.25609693,-2.039004,-2.067862,-1.62,-1.7180107,0.94601613,2.7888758,8.95247,0.76726764,-1.0673249,1.1627034,0.49281856,-1.649319,1.2428488,-0.61837006,-0.26251143,3.486261,-1.100959,2.6366768,0.77903545
0.8943314,-1.7034739,0.17840455,-1.8180314,-1.5625244,-0.8320873,-0.05306289,8.375462,0.16685185,-0.8669097,2.784041,1.1789197,-2.2141294,1.1217703,-0.34470975,0.15929037,1.2262523,-0.96347463,2.8174453,1.4617935
-0.5097249,-0.51540494,-0.8629558,0.3808572,-1.619821,-0.21991397,0.930737,2.8659267,-0.12317291,0.40791523,1.1408376,1.4395103,-0.92237103,-0.7960482,0.10338124,0.21541722,0.35548663,-1.51534,2.2541373,-0.9555178
2.228577,-1.0668297,-0.17644666,-0.06998897,-2.2247498,-0.08047851,0.61924034,6.61551,0.14171672,-0.51441205,3.6889374,0.7056106,-0.9758213,0.85575044,0.11617152,-0.9138799,2.8025508,-0.589483,2.509973,2.102899
2.1929464,-1.6780035,-1.2330128,-0.13974229,-1.7549511,0.52870613,0.8664539,4.0459967,1.2289541,-0.40952453,0.63755834,1.6154262,-1.7820522,1.063053,-0.049002796,-1.1245534,1.639905,-1.9955703,2.4577231,0.56393343
3.1340194,-1.2560073,-2.0728467,0.20895426,-1.422923,-1.0187811,1.7098807,0.73978746,0.0071137026,1.3250048,1.5240812,1.3525567,-1.4381598,-0.9619801,-0.08694461,-1.1019634,1.1914207,-1.5414778,2.9108634,2.7857397
2.5997458,-0.9329566,0.24428333,-0.6729009,-2.0873036,-0.5345361,2.757477,3.0930917,0.59303683,-0.15191627,2.4598858,4.18308,-1.3869001,-0.16762453,-0.059322774,-0.3943634,1.5717212,-1.7520382,0.73867637,0.6639043
3.9772959,-2.3482795,-1.1419165,0.26777753,-2.5510514,-0.9168213,2.1098528,2.5910058,1.5549912,0.6926571,2.8233082,2.1768677,-1.3095067,-1.1542064,0.5100428,0.853999,1.5792509,-1.7113289,1.8834082,0.7734617
0.4776836,-0.6720952,-1.5805087,-0.6130535,-1.5113479,0.06754642,3.096896,4.6062155,-0.3668182,-0.79474413,1.4963064,2.4699893,-1.4705906,-0.30057704,0.059728786,-2.1578124,0.13444652,-1.1186242,1.7384113,1.1184154
0.89853394,-1.7461269,1.2129836,0.44605058,-1.9079479,0.13752507,-0.19478665,6.441364,-0.004905527,-1.5740963,1.95541,0.9705386,-1.1100779,-0.024710748,0.025837043,-0.13815966,2.2079277,-1.0517168,3.0215783,0.9822174
0.80275965,-0.57129747,-1.2941413,-2.2426157,-1.5992367,1.1778246,0.87980336,8.516798,0.5604034,-1.4481138,2.0585968,2.5079634,-1.920662,0.8382468,-1.1891406,0.7974719,1.1424328,-2.1659946,1.6153922,-1.6040514
2.0003467,-1.311464,-2.335151,-1.479862,-1.4038392,-0.28781536,1.1695887,9.067617,-0.052471373,-0.8328388,1.3822714,1.1249378,-1.867461,1.4589535,-0.0738872,-0.63214844,3.2216918,-1.7546972,1.6841351,1.0347695
2.1128278,-0.28946728,-0.10115931,-1.4261621,-0.5037812,-0.80292845,-0.29013002,0.25696972,2.0162063,-0.19009759,2.670639,1.5793399,-0.7791064,-1.3507066,0.059529807,0.39262292,0.38581064,-0.5849234,1.001671,1.1638726
1.44749,-0.68024117,-0.24216208,-1.51744,-2.1962447,-0.4823228,2.058302,7.8688984,3.2110574,-1.135953,1.4106704,1.1140414,-2.066807,0.37969184,-1.6302451,-0.29879117,1.5900937,-1.2668217,2.6428132,2.3854167
-0.09972348,-0.8052242,-0.23647685,-1.344601,-2.5711899,1.7516173,2.1531346,8.3658285,-0.37046388,-0.5554019,2.6804185,1.0887011,-1.3585788,0.9385811,-0.109225586,-0.6648742,2.7385116,-0.7841026,0.86701787,-1.0572895
-0.6972221,-1.5229123,-2.039087,-2.418486,-0.8642211,1.0109462,0.4113628,8.7808485,2.0496085,-1.6754882,2.931892,2.4811184,-2.1262047,0.83378214,-1.3644836,-0.5956749,1.363162,-2.4469156,1.330598,-0.5062454
2.3269105,-1.6612569,-1.4498061,-0.07536276,-0.6807007,0.66265786,-0.66283685,0.9900696,-0.7407448,0.5743567,1.6718018,2.3448312,-0.68439066,-1.2115014,1.2631146,0.14718355,0.8426636,-0.8658303,1.9548334,0.96691024
1.600314,0.090727955,-0.12893493,1.1939073,-2.43698,0.2977271,0.47252786,5.197132,-0.078738496,-1.1882119,2.2391703,2.2563417,-1.4234785,0.408073,-0.79166895,-0.892595,2.2969935,-2.4314785,0.72562873,1.244807
0.6082956,-0.17590699,-2.1357577,-1.0551325,-1.205839,2.61273,0.6877279,3.303679,0.50400203,-0.08511561,2.5066173,2.778475,-1.847209,-0.4916824,-0.59978,-1.8627561,2.4625297,-1.7028105,2.9059412,-0.65373564
0.39766818,-1.1196623,0.48724103,-1.6138283,-1.5390407,-0.7366996,0.44261494,8.668142,1.3065037,-0.7440738,1.5594863,0.5868668,-2.6217585,1.3433923,0.22205468,1.4552407,2.067445,-1.0643723,2.213286,2.8448975
1.6053133,-1.2863185,-0.94230574,-0.9513712,-1.2475021,-0.27637458,0.17950732,8.279547,-0.20542605,-0.7307472,4.6834664,2.1857464,-1.8643609,0.4691629,-0.076508746,-2.3738244,2.809412,-1.3524132,0.92960036,0.36930007
3.98709,-2.421377,-1.6936525,0.23776191,-2.7132215,-1.1592966,2.3473945,2.7219195,1.5024831,0.8614443,2.7127166,2.7107902,-1.4329517,-1.229709,0.5540449,0.76556486,1.5130627,-1.6777762,2.0427303,1.1665343
1.1199613,-1.4467303,-0.78141034,0.724561,-3.0877237,-0.0401879,2.3620996,10.763053,1.33151,-0.54922295,2.9807367,3.7459974,-1.5077224,1.9316747,-1.5075941,-1.1023656,1.3690716,-1.7848221,1.4051652,0.12328653
2.6608465,-0.05643791,0.008313666,1.1627212,-0.8213614,-1.2628677,0.25772247,1.5302464,1.1372095,0.13416375,1.8920536,-0.6015249,-0.047576368,-0.95218045,0.84579986,-0.8772001,2.1334813,-0.8663456,1.2734945,2.625221
2.7554743,-1.5517141,-0.27077502,-0.65197706,-1.5341467,-0.9830338,2.9022033,4.49186,-0.18781997,0.18928139,0.9996308,3.7479625,-1.8183436,0.010169668,-0.960887,-1.139383,1.9136816,-1.7357023,0.7052191,-0.44560003
1.4532083,0.82596135,-1.2909268,-0.13901259,-1.7580246,-0.20081511,1.1768365,2.3939118,-0.14740527,-0.5073134,2.130215,1.7563994,-1.3737999,-0.7735205,-1.4274148,-0.5958635,1.1085683,-1.466009,2.4236171,0.3850076
1.9082403,-1.0784332,-1.0698488,-1.2117304,-1.6174221,-0.07275974,1.4056549,6.483144,1.6032314,-0.9524422,1.868777,3.1892715,-0.789656,0.63260144,0.9702411,-2.1651392,2.3216786,-2.1565304,1.8403897,1.1079351
0.640899,-0.70097494,-1.348091,-1.4165827,-1.6799824,2.0576777,0.93288577,9.889703,-0.5085745,-1.135035,-0.47760966,2.0881064,-1.7847118,1.3214451,-1.6779405,-0.77584326,1.2806281,-2.4311438,1.2108642,-1.3070811
-0.18569422,-0.25892648,-1.0785862,-1.346191,-2.0320423,-0.30264008,1.3921986,8.062726,-1.622982,-1.4822351,1.6493617,1.0256835,-0.34328288,0.82828844,-0.78035235,-0.04176291,2.6404033,-1.095486,2.1244683,0.3497579
1.2598672,0.45373008,-1.4054089,0.001967874,-0.9302866,-1.6992569,1.0480479,1.484441,2.0990489,-0.41030595,0.99210614,1.0627304,-0.15685612,-0.94823045,0.045606315,-1.2099228,2.0964422,-0.08556212,1.6241426,1.6730682
-0.035503127,-0.9747693,-0.060406014,-0.95589453,-0.9307653,0.38772818,2.0441976,5.222764,0.92977834,-0.67473215,2.1887698,3.795285,-2.0643206,0.3821075,-1.452026,-3.2594998,0.6010551,-1.8423402,2.2520506,-1.3473029
3.6558194,-0.61702263,0.90005773,1.6932856,-0.97723275,-2.4599192,-0.76273656,1.174672,1.0731854,0.33672127,2.0678506,1.2424132,-0.7681233,-0.5733277,2.834692,0.16991195,1.7008576,-0.1057686,2.154434,0.6142977
1.3917855,1.5281228,1.1305443,0.12487302,-0.6340488,-0.22758292,0.6650876,0.14537188,-0.8993012,0.7367225,2.1970737,0.5361121,-0.8352658,-1.1038945,1.5600114,-1.854338,1.8138924,0.44434422,0.37125582,2.2973292
-0.55330443,0.46567675,-1.608049,-1.2859018,-1.839264,0.10514218,0.4092548,11.293239,-0.89727914,-1.6854728,1.7633919,2.02936,-1.3591877,2.4400952,-0.7623938,-0.31466427,1.4975723,-1.0634023,1.2852789,1.2346225
2.5683494,-0.60441,-1.5829104,0.27753782,-1.0836042,-2.067669,1.4601662,3.1369278,2.4446757,0.1337861,4.1215386,2.3828907,-1.6463048,-1.3609293,0.23951612,0.27024427,0.6660522,-1.0208155,1.1261581,-0.06860049
4.4504004,0.6519809,-0.114097014,1.1038715,-1.2940208,-0.4880246,0.4821112,0.88846684,1.1342378,0.36133128,1.9259939,0.060103536,-0.37721536,-0.65104777,-0.06999759,-0.49885258,1.6667968,-0.74124205,1.2496142,1.6780095
3.0883956,-0.057516094,-0.87841344,-0.2523589,-2.2684758,-1.8021432,-0.32291937,0.7675466,0.91140306,0.47278023,4.5838223,1.9325593,-1.8652313,-1.1142412,0.2839826,-0.8747805,3.0229845,-2.0728219,1.6167209,3.0370653
1.7679882,-0.58821017,-1.5078498,-1.004608,-2.2713761,-0.52313524,2.1039855,8.174574,-0.40539593,-1.564157,0.6551389,1.8826605,-1.8671277,1.5583313,-0.6446367,-0.20722528,1.9849523,-1.7722951,1.5128968,0.6977397
-0.39908713,-0.8511171,0.018620076,-0.51557094,-2.5629356,0.17184305,0.91846824,7.9800897,1.0225903,-0.79282314,3.4820333,2.024461,-1.292559,0.68327385,-0.057280056,-1.3884047,1.9152442,-0.9681647,2.0193012,0.50095755
1.5109177,0.11129873,0.8221831,-1.0696881,-2.417689,1.8221923,1.7186356,9.105759,-0.53987426,-1.5214155,1.7393582,1.570638,-1.3685722,1.9526708,-1.0969946,-2.2292287,0.62983984,-0.6484306,2.4292216,0.8008188
1.0713509,0.4124278,-1.9135525,-0.9356258,-0.7412758,2.7013454,-0.047497883,3.1107001,0.430702,-0.18246949,2.3209767,3.2865775,-2.036686,-0.36533365,-0.5247783,-2.0983455,1.8540614,-1.9424101,2.9831939,-0.94323784
1.3834763,-2.466735,-0.22423825,-0.26810777,-2.0786202,0.8676123,0.47862488,8.025246,0.352843,-0.963861,3.2197783,1.5595531,-0.7497686,0.4727881,-0.62322587,-1.1667562,2.1263962,-1.6294332,1.9374349,-1.2624822
2.961263,0.133778,-0.21907732,1.0091339,-0.9302381,-1.0020521,0.04325662,1.5397385,1.2613251,0.1201158,1.6014572,-0.7208243,-0.30954888,-1.0073665,0.18282697,-0.81703335,1.8589337,-0.9384549,1.5050532,2.4018466
0.2556329,-2.037693,1.2226995,0.48898312,-1.7817577,0.66017705,0.39731067,5.860597,-0.25030583,-1.3350253,2.1867526,0.7684998,-1.4257107,0.42273808,0.2299268,-0.01204608,1.9590043,-1.3735682,2.965806,-0.016879465
0.42596632,0.0016628733,-0.8210562,-2.175895,-2.3937035,0.51373184,1.1355568,6.294843,0.5173182,-1.1733645,0.4335892,2.4693692,-2.565101,2.3277354,-1.2983978,-0.7720599,-0.08808166,-1.5684234,1.4943699,1.5135659
3.0405376,-1.0647532,-1.9412701,1.0882092,-0.9379476,-0.59092003,3.3180218,1.5311297,1.1872191,0.8733694,3.9086115,2.8253505,-1.4254688,-0.9559802,-1.4037021,-0.29067323,1.7529496,-1.3418076,1.955013,0.50558525
0.5634804,-1.0322055,0.53502005,-1.850433,-1.4479758,-0.9366955,0.06484443,8.543916,1.4793532,-0.9853076,1.5544071,0.5080712,-2.818972,1.226648,-0.06717735,0.94152147,1.5604151,-1.0107446,2.9381714,2.5895813
2.6222556,-0.6142617,-1.0595732,-0.07643714,-1.9225779,0.41445354,-0.09659587,6.2007475,0.06650522,-1.2868223,1.8953227,0.11659496,-1.6396632,0.5761778,-0.17951791,-0.032121263,1.2280341,-1.1879992,2.7533836,0.47397768
3.2193153,0.03626942,0.23976782,0.7451909,-0.18321411,-1.2449464,-0.15019365,0.33361349,2.541244,1.1970171,2.3797488,1.1638026,-1.0500348,-1.2191573,0.74343336,0.26908436,-0.30205324,-0.2354939,-0.5605727,-0.34668562
0.88148105,0.20993607,-2.0205522,-1.1941451,-0.9078039,2.7227345,0.5702228,2.9782972,-0.27603292,0.17838636,2.1523397,3.610619,-1.7454826,-0.45221418,-1.133438,-1.6630485,1.1548058,-1.9901468,2.754465,-0.52906364
0.2210275,-1.482226,-1.8525925,-2.5541732,-0.76066786,1.0894557,-0.05475836,8.74905,1.3590033,-1.51216,2.3804264,2.3767316,-2.3215792,0.8254729,-1.1200151,-0.12567063,0.9389293,-2.1184971,1.462903,-0.8545752
3.3571987,0.14802597,-0.6102366,-0.39375457,-0.7718467,-0.9027728,0.42105126,2.4775834,1.7403163,0.84774673,2.06388,2.3464901,-0.753673,-0.9391854,-0.29715905,-1.0329778,1.5647163,-0.73204786,2.2349145,1.6983668
0.0041564098,0.27000538,-0.7997717,-0.9193006,-0.77696383,-1.4403129,0.1952911,0.2861204,2.092283,0.31571835,2.9579916,2.2553883,-0.591235,-0.8590756,0.36085883,0.38849124,0.82860905,-0.62423307,0.9996158,1.8279309
0.69160765,-2.8901076,-0.45880517,0.32233986,-1.3456727,1.7877413,0.9560576,6.0052567,1.711757,-1.120577,3.081286,1.2807248,-1.0250753,0.22681642,0.8603174,0.26636106,2.43791,-1.2741369,2.6261141,-0.2131098
2.736264,-1.1319991,-0.2557909,-0.29231676,-1.5813853,-0.61067206,2.9643342,3.779147,-0.09151356,-0.44296822,1.9556488,2.773653,-1.287105,-0.5815986,0.6504788,0.04980526,1.2317414,-1.732101,1.3515966,-0.29584292
-0.2644051,-0.7083344,-1.6026331,-0.21036986,-1.6496229,0.8330932,2.0250072,6.2370205,-0.29323,-1.0426234,1.2703941,2.7243586,-1.6986258,0.5564294,0.33243793,0.00895088,2.0979195,-3.0669398,2.4718952,2.0757463
-0.20960538,-1.8014878,-2.0890567,-0.9327035,-2.0915284,1.9791816,0.049087066,7.30094,-0.3548011,-0.5897926,4.457843,3.185328,-1.6711339,1.3291891,-0.9199036,-0.68924874,1.674333,-1.4399214,1.6746866,2.126777
0.757854,-0.77590245,-1.350981,-2.3914742,-1.448147,1.1963753,0.68109256,8.600004,0.86605066,-1.4383234,1.900789,2.5120134,-2.0149536,0.6560566,-1.5495192,0.16262789,1.129557,-2.481987,1.6507717,-1.4263524
1.2613639,-1.774378,0.3857813,-0.99372685,-1.8913573,0.18630286,1.4301367,10.511462,-0.73320585,-0.8971974,1.8757751,3.253639,-1.1833657,0.41669405,-1.0137113,-2.3373172,1.9396113,-1.2447462,0.10264908,0.508234
2.6299455,-1.8082523,-0.66691184,0.080198675,-1.5160816,0.5672532,-0.5234379,4.940443,-0.54717976,-0.52455145,1.168213,2.5470648,-1.5563815,1.7042034,0.042746972,-1.1760498,1.7971251,-2.2950823,2.366224,0.88264894
1.8943381,-1.0018485,-0.8089044,0.0754552,-2.244933,0.1594644,0.15503933,6.4370813,0.382185,-1.1975615,1.4894989,0.940155,-1.8082567,0.54855275,-0.88729167,0.66815066,0.8163669,-0.75364304,2.3898003,1.050842
4.306211,-1.1600858,-0.7706042,-0.4472097,-0.78758156,-0.313273,2.3405814,1.2031759,1.4743173,0.089374214,2.2487137,2.2544525,-1.806661,-0.9326551,-0.20273915,0.17388208,1.8448095,-2.064392,1.7802695,-0.80087686
0.9049352,0.8513198,-0.4009996,0.5818844,-0.75786126,-0.41908392,-0.930481,1.4214672,0.04905845,0.29896203,2.4792917,1.1965448,-0.732817,-0.8961914,0.24182999,-0.13461795,-0.09343573,-0.48666114,1.3735676,-0.7993281
1.0901724,-0.40839183,-0.83851343,-1.2407018,-0.5273207,-0.39691877,0.86407703,0.45789942,2.2906163,-0.40593398,3.1271915,1.3668194,-1.451246,-0.9379876,-0.6969417,0.21104226,1.102715,-1.0739869,2.5505543,2.5514445
2.7426991,-0.73960614,0.32514226,1.2717485,-0.5038417,-0.6277578,0.9712238,-0.42403352,0.032127336,1.0568162,3.122096,0.7083872,-0.33079594,-1.5682427,-0.41949552,1.2690202,0.8079368,-0.45222488,1.4740694,2.4185371
0.32021865,0.09007599,1.0098631,0.6051312,-1.6664183,-1.8021358,-0.26937416,-0.6443305,1.0495532,1.8527299,0.075693674,1.1379263,0.56952286,-1.1392801,0.52250725,-2.8762734,0.1696174,0.36112493,0.48134506,1.2051
-0.6063175,-1.5378082,-1.3205689,-1.1045226,-2.134027,2.3489447,0.37026817,7.322018,-0.5634179,-0.81994987,4.310448,2.8659604,-1.4676856,1.9869963,-1.3642706,-0.9474324,1.8811655,-1.6155077,1.6996515,2.8489456
3.124563,-0.7500855,-1.7430515,1.7498102,-2.3054445,-0.8380105,0.23642364,2.499669,1.5597304,0.63527685,1.6986202,1.9313513,-1.1275774,-0.80153596,1.9298072,-0.24401389,1.7926062,-1.3653494,1.6864394,0.009822656
2.0348003,-1.44967,-1.3865968,-1.0044827,-1.9754747,0.26484972,-0.018061848,11.815512,0.34785834,-1.4495987,1.8445324,1.507821,-1.5543774,1.4114096,-0.96425045,-0.82528377,2.0128577,-1.4264052,1.119957,0.23230596
2.5117881,-0.74262035,-1.3133348,0.726612,-1.2018191,-1.7071161,1.5428807,1.3506808,0.3189532,0.73579025,2.3391485,2.3919356,-1.5378824,-1.0907849,-0.20886241,-1.1744072,1.3576313,-1.5687494,1.8441106,2.6176977
0.82481706,1.3130084,0.7340323,-0.18485188,-0.45714834,0.99520004,-0.074371465,0.5338011,-1.1095597,1.1823382,2.7665005,0.85351646,-1.0808897,-1.1284598,1.5428025,-1.4673964,1.797299,0.42446992,0.12819426,2.3407834
0.411268,-1.4572866,0.048426706,-1.3400267,-1.6749313,-0.7629841,1.7313612,6.442781,0.0427797,-1.1954485,1.9476388,2.0765717,-1.3077476,0.11513143,-1.1568516,-0.99639827,1.8237227,-1.158618,1.7824175,1.3945323
2.0367393,-0.7548955,-1.7781676,0.2507627,-1.3400815,-1.3609017,1.7124139,3.0942502,1.8363127,0.891924,2.856516,3.2835474,-0.98006535,-0.72947973,-0.12126393,-0.16186896,0.27659872,-1.351033,0.79617226,-0.23522939
3.0234725,-1.0912722,-0.72517776,1.7599614,-2.7705214,-1.0427041,0.5927178,2.4452693,1.6160814,0.7049476,1.4543461,2.2565577,-1.1787839,-0.83302873,1.307121,0.2577969,1.2701167,-0.8840642,1.1855792,0.2368274
2.1480892,-0.28839633,0.47676158,-1.4608817,-1.2669048,-1.4971925,-1.215832,-0.28422812,0.1392327,1.4696689,1.2382276,0.8815495,0.0596544,-1.1939334,-0.22085705,-0.041931562,1.1599483,0.0036550772,0.7253296,1.2475153
1.4692917,0.076628976,0.48301908,-1.0778075,-1.1528908,-1.5554521,-1.2614595,-0.35297936,-0.06920364,1.2327845,1.9304295,0.90412,-0.74450415,-1.1432313,-0.42659444,-0.026126979,1.4354358,0.1286735,0.6983121,0.8158744
3.6667733,-0.02937186,-0.5473523,0.58384717,-1.4417644,-0.4382647,1.1932701,2.665989,0.15743813,0.5078782,2.1622086,2.1093953,-1.2738506,-1.0231858,-0.38315794,-0.75094825,0.8210771,-1.3253357,1.8380096,2.3651857
0.003931108,-0.17590788,-0.33775154,0.35285702,-2.665324,0.9893704,0.57109785,5.621921,-0.44158185,-0.97531575,2.46326,1.4871961,-1.6610839,0.40947825,0.06741141,-0.8795758,2.6624835,-2.389703,1.390247,1.6666582
0.7978637,-0.7750012,-0.2402116,-1.1617343,-0.890077,0.10173873,0.0388384,7.1259956,2.3343742,-0.59523964,1.5966091,1.7762402,-2.0835981,0.31854278,0.34041327,0.110006906,2.8233588,-2.7197542,2.5401611,4.109065
1.1577209,0.35565263,-0.6419845,-2.6164553,-2.3489375,2.1403203,1.9718163,7.7356777,0.5727126,-1.1452965,2.5168989,2.383622,-2.3264627,0.73124206,-0.92969674,-0.98231316,2.0250945,-2.069238,2.2290223,-0.32634935
1.876429,0.053012833,1.6783239,0.041038387,0.31956813,-0.7121174,-0.09387254,0.33948204,-0.62202144,1.0826807,1.0387064,-0.6221887,-0.07200686,-1.1848974,1.012884,-0.22341499,1.2018723,0.49963078,0.87616,2.5005198
2.5545425,0.19386855,-0.5337452,-0.22992489,-2.354555,-1.7039598,-0.7942223,1.1102977,0.3922472,0.5068547,4.6307163,2.5684226,-1.8696293,-0.87741554,0.67685294,-1.0407058,3.5041893,-1.7460274,1.6659228,2.8195808
1.5648675,-0.2737456,0.39166528,0.0585876,-0.33137128,0.39383864,-1.081983,0.3773103,0.24530813,1.3432775,0.9651006,0.08623063,-0.94156724,-0.52981377,1.3151206,-0.34998572,0.42134857,0.23776467,-0.053418387,-0.53119963
-0.012881893,0.95837176,-0.70477456,-0.5806556,-1.2744045,0.7931528,-0.50311816,1.6876214,0.15073803,1.0684723,3.8900683,0.8249757,-0.5990705,-0.6443994,0.3298917,-0.8085073,0.2632261,-0.49797353,1.0208445,1.4112517
4.45315,0.24898852,-1.762164,1.4890349,-0.41310346,0.0023836752,0.81941164,0.3091289,0.7358834,0.27558005,1.8663266,1.3091283,-1.5258665,-1.0667377,0.65494376,-0.9522762,1.0487521,-0.75436574,1.739745,2.1506643
2.2628653,-0.2613637,-1.8237991,0.50641423,-1.0154592,-0.4658304,2.9054139,1.3719425,-0.37965047,0.33549204,3.6607118,3.0929792,-0.60785633,-1.1223255,-1.0014651,0.36408377,0.6518822,-0.9160363,2.0842447,-0.87490225
1.3118478,-0.95185435,-0.6953586,-1.1442881,-1.8345746,1.0008047,1.6325004,10.521021,1.1767027,-2.421616,0.76385653,1.7269224,-1.7805811,0.9996205,-0.8518325,0.34305578,1.3756377,-1.5613123,2.2322972,0.95194554
0.56310976,-0.35621563,1.3163499,1.1436415,-0.5456397,0.09261705,-0.65335894,0.8085139,0.5262883,0.50812566,1.7278091,-0.12765679,-0.8729879,-0.70337015,1.2216777,-0.8701067,0.3202623,0.71487266,0.6300757,-0.53330225
2.2603624,0.16561866,-0.51610297,0.8425682,-0.78886276,0.36522934,-0.05191036,1.1884279,0.5970265,0.15888415,3.0172596,0.7333222,-1.5445502,-1.2174888,0.86983395,-2.2209487,0.5205554,-0.75882214,2.680624,-0.20448168
0.95607346,-0.9349547,0.15121152,-1.3518021,-2.2611957,1.2539567,0.231189,7.067618,1.090295,-1.7500136,0.66508293,1.6147033,-1.6403574,0.62385637,0.015363514,0.52805763,1.1416183,-1.3571914,1.4120595,1.4180061
0.46771544,0.89278466,0.46704116,-1.5101025,-0.41351935,-0.4151617,-0.95000595,0.25131804,0.8245969,1.8645365,0.19667163,0.78733504,-0.046372443,-0.8250528,2.2662184,-1.1309953,1.0120875,-0.24656206,0.5244672,0.91752595
1.6314529,-1.3925108,-1.365246,-0.13888219,-1.7780049,-1.1116582,0.9358475,6.1107836,2.0839744,0.57287997,3.1915097,2.1881502,-1.3009655,-0.09944867,0.99230903,-1.3093295,1.1453148,-1.0576483,1.1200507,1.6531179
1.5148202,-0.785544,-2.858521,-1.5997654,-0.4827874,0.828286,-0.035256714,0.847674,-0.6801722,0.13909908,1.9210247,2.032949,-1.5643162,-1.2320374,0.065335624,-0.39892995,0.9564771,-1.310915,2.2826765,0.4254219
1.2263638,-0.3778005,0.46462804,-0.2544644,-2.2034686,1.8773359,0.60360825,8.289413,0.2621181,-1.7315094,1.4220824,1.5516833,-1.1300687,1.302506,-1.4538298,-2.2183065,1.5287559,-0.8426768,2.2279248,1.5377018
0.41322568,-0.6375916,-0.3821979,-1.2878036,-1.0427421,-0.032988764,0.28838974,7.501669,2.0387604,-0.6287886,1.8615317,1.5762554,-2.1259947,0.6921334,-0.005721565,0.1907829,2.6203482,-2.6301796,2.3271868,4.0056815
0.21757792,-1.3467486,-0.52768993,-1.0961987,-1.7649881,0.78240675,0.011645948,5.7804985,0.23287249,-0.81605995,0.016878825,2.5992396,-1.4813676,0.6749903,-0.5345347,-1.7628862,2.4284878,-2.5234375,1.4572512,-0.9322961
-0.13756017,-1.0185426,0.4985247,-1.2665759,-1.1687156,-0.048193146,0.20159094,6.6845894,-0.57594043,-1.1225535,0.7002263,2.0728164,-1.9293593,0.084574156,-0.6080205,-0.5667008,2.4566913,-2.3740249,2.1874437,-0.6720242
1.0172774,-0.43823686,-0.9427735,0.18027622,-2.4522305,1.1116118,1.3594791,5.6168838,-0.017632559,-0.8623787,2.8226783,2.8888357,-2.1511433,0.27868164,-0.5077082,-1.8119681,0.42336297,-2.0451355,2.227571,1.4752916
1.9519489,-1.2823284,-1.2649995,-0.8077397,-1.6762313,0.2098059,0.9501013,6.737975,1.3742635,-1.1252631,1.4640101,3.3326712,-0.95939505,0.60408235,0.9811454,-2.1873229,2.1394787,-2.078523,2.0407877,0.64341867
-0.4326845,-0.862699,-1.9372422,-0.3935029,-1.1948277,-0.23962048,1.7785723,5.39616,-0.5055162,0.08042266,1.3571898,2.5232596,-2.373411,-0.23345341,-0.7170301,-2.5923662,-0.08428547,-1.1497688,1.8330947,1.6846299
5.044079,-2.1201377,-0.51025325,1.7347491,-2.6176367,-1.0232372,1.6792973,2.7386441,1.7141799,1.9634553,2.2863116,2.4983582,-1.3396001,-1.033767,0.74504244,0.076339655,1.1380674,-0.8170136,1.0726554,-0.06569245
0.2919964,-2.0277193,-0.27669898,-0.9320147,-1.5254272,0.21153168,0.8452556,9.262124,-0.058048677,-0.4926472,3.1452577,3.1044655,-1.6162986,-0.19059458,-0.36481488,-2.149087,2.8196738,-1.3455843,0.996872,0.9235699
3.971424,-0.8753461,-1.6810746,0.51079136,-1.7235245,-0.32048428,0.5836918,1.1424991,0.87738115,0.55339515,1.4450041,1.8384782,-1.6930765,-0.43914598,-0.7560666,-1.5671597,0.9320661,-1.3762625,2.6028376,2.0308726
0.24808589,-1.1631718,-1.787246,-0.98517483,-2.3767323,1.7518444,-0.2209346,7.474563,1.1384958,-0.63404787,0.59667176,0.9851087,-2.2424355,0.7520128,-1.6672512,0.6457948,2.0144835,-2.50563,1.5924739,0.21503893
1.5919756,-0.50189245,-1.0486814,0.91220075,-1.5399504,-1.3115939,0.92745465,1.6600459,2.4179473,-0.051404666,1.241759,1.2536148,-0.27767357,-1.0013354,0.15729587,-1.3309888,2.1562276,-0.0033684229,1.6376338,1.8312656
2.6690862,0.29152882,0.09441917,1.9378513,-0.51443905,-2.3565269,-0.089128554,0.9726927,0.7232694,1.2122988,3.035014,1.2784641,-0.9608969,-0.6744884,2.5148335,-0.20526056,1.1612291,-0.016536744,0.65542793,1.4488672
0.5911931,-1.1401733,-1.604288,-0.19248638,-2.3046234,1.2833599,0.19710493,7.3312225,1.5543817,-1.0976222,0.78279537,1.2251085,-2.3080893,0.8985626,-1.6648442,0.25304392,2.896277,-2.5723364,1.7275269,0.66143924
2.4389966,-0.84646416,-1.5683861,0.5523217,-1.338784,-0.24710132,1.9387757,3.7690034,1.0678773,-0.4583153,1.1447775,2.1352584,-1.9668888,0.6782487,-0.45387036,-0.78311574,0.62325615,-1.7931865,2.344408,0.7410549
1.0623628,-0.38744587,-0.6423141,-0.29952216,-2.3659453,1.0318999,0.84201926,8.741178,-0.2763215,-1.4668238,1.6031758,1.1820022,-1.3520042,1.4146932,-1.378567,-2.4369354,2.0726218,-1.0266453,1.6735696,0.94844764
1.2600721,-1.1997464,-0.9834406,-1.2178298,-2.1704755,-1.1307389,-0.37008345,11.333719,0.9506843,-1.3821412,1.7841879,1.608403,-1.6517607,1.392592,-0.72018534,-0.4902959,1.8970207,-1.5174546,1.1513995,-0.41301048
2.366831,-1.0569305,-0.13238068,-1.2132176,-1.7066087,-1.08951,3.646237,3.7927525,0.37662572,0.36320516,1.335465,3.1406734,-1.4338994,0.15981153,0.221161,-1.0587491,2.4065049,-1.8964847,1.5801897,0.44203135
1.8546815,-1.4433783,-2.4654508,0.1861264,-1.9751468,0.5287928,3.2695942,6.6113505,-0.91660416,-0.70074177,0.51929605,2.8705013,-1.5532527,0.040981613,-0.877108,0.50578123,2.3542252,-2.0042481,2.6318355,0.14857596
5.349055,0.25518265,-0.12557599,0.27381447,-1.6539657,-0.40243113,2.1862133,1.0066935,1.3722425,1.1901256,1.2102506,1.5320115,-0.5636721,-0.9393654,0.18433198,-1.6786437,1.8977057,0.7497434,1.8848813,1.0972335
0.07528232,-0.89008737,-0.6154226,-2.2331226,-3.0194037,0.28857857,0.89693904,6.807382,0.3791207,-1.3291805,0.41763625,0.70588404,-1.8351531,1.0684038,0.14289649,-1.51886,0.24425586,-1.2655915,1.7741613,0.5891967
1.4142468,-0.8720956,-0.7204132,-0.7924982,-2.089939,0.18177518,0.9988741,9.340559,0.91041195,-0.46493375,3.3451617,2.0137541,-1.5944269,0.9332572,-0.85629606,-1.2652231,1.8630221,-1.5198195,2.6116195,0.8853137
4.0826883,0.07535349,-0.2638064,0.7495269,-0.8490041,-0.5350003,0.100757845,2.9491181,1.2979126,0.4540756,2.5092409,2.5465844,-2.042431,-0.9167068,-0.0059331977,-1.2435293,0.86829406,-1.8766638,1.8652974,1.0768747
1.0195123,-0.06604357,-1.0156163,-0.7743069,-1.837501,2.1847875,0.7386082,7.8098555,1.801809,-0.21810621,2.9609342,2.1520019,-1.421214,0.6878416,-1.0095148,0.095537655,1.9192437,-1.8339297,1.7473109,-0.3498267
0.5181661,-1.5224937,0.14394762,-0.6844019,-2.0514128,-0.026286738,2.1448336,10.129309,-0.8973247,-1.335687,2.0743732,2.4366686,-1.4770621,0.9105703,0.01669916,-0.89941865,1.666769,-0.43100932,0.074325174,1.0279083
3.0132265,0.3700189,-0.77558064,0.4686925,-0.38737628,-0.294162,0.48238525,1.6348343,1.1700121,0.6501131,2.1391387,2.216809,-1.573443,-0.6949464,0.36376476,-0.9622144,0.1636018,-1.7646216,1.3891991,0.5191306
1.2699696,1.005311,1.3787321,0.31306294,-0.26993045,-0.4736354,-1.0960525,1.7826731,0.010267382,0.39188272,3.2185643,-0.09170338,-1.3961354,-1.0481893,0.023594193,-1.3396605,-0.13773352,-0.09945784,0.49548846,-0.39558482
1.209266,-0.78136736,0.35990646,-0.6264465,-2.772992,-0.0076251607,0.6668704,8.777702,0.36083224,-0.78079635,2.0171134,1.693832,-0.4588941,1.1064011,1.5661361,-0.92442614,1.7628576,-0.9076217,2.5908735,2.2574754
1.2372926,-1.2357115,-1.9756788,-0.6716841,-1.9025614,1.8546919,2.8170357,7.7472854,-0.48445123,-0.81997687,0.035611045,2.6379337,-1.6925977,0.043045435,-1.4350368,-0.6099166,2.5229461,-2.1128564,2.4549124,1.3540154
1.6417772,-1.0883869,-2.575541,-0.52627623,-1.7594007,-0.3815666,0.56965864,8.54658,1.0424254,-0.7394822,2.2111056,3.0468357,-1.8588006,1.8896832,0.5765832,-1.4141883,0.65090775,-2.5269086,1.6001184,1.2488947
2.5476625,-0.4023765,-0.2843958,1.152563,-0.09813099,0.035134073,1.9077682,1.2045785,-0.5714153,0.8059688,1.2361093,2.2198815,-1.1318368,-1.1815017,0.9660712,0.23387598,1.7129704,-0.9342362,0.6826074,1.4616195
0.2714484,-0.9667256,-2.048633,-1.3072135,-1.7591509,0.043051343,2.4388533,8.677065,0.08393929,-1.630014,0.81857306,1.7800097,-1.4254075,1.1764798,-1.2816615,-0.49977598,2.2152305,-1.7060988,1.1701517,-0.6381154
0.9092655,-0.13525622,0.2757103,0.81022084,-2.567227,0.4153034,0.77696854,4.70327,-0.4718489,-1.1581341,2.5592387,2.1076987,-1.4970759,0.2775143,-0.59902954,-0.54238766,2.2013106,-2.448359,0.8575474,1.122693
0.7034588,-1.2588046,-1.63828,-0.27399886,-2.2031825,1.194907,0.116545655,7.2355185,1.6982931,-1.0840284,0.6332278,1.2792894,-2.1751971,0.9870512,-1.4846557,0.16691239,3.1038606,-2.3919084,1.4763001,0.8676637
4.115874,-0.7647411,-1.4303898,2.3227594,-2.3665054,-1.264086,-0.518305,2.9917111,1.3319902,0.70060796,2.4004683,1.7271022,-1.0718756,-1.2474583,0.6457262,-0.07935861,2.8375251,-1.241759,0.56997275,0.17934677
1.0546395,-1.7442493,-1.5188147,-0.09928959,-1.3173546,1.9455415,1.2517636,6.4501557,-0.9325598,0.12161593,1.477918,3.5508604,-2.1747372,0.2126322,-1.48191,-2.7504466,1.6682148,-1.758451,1.4280176,-2.1255746
0.8061065,-1.0334877,-1.4062912,-1.321709,-2.1405263,-0.34418842,-0.20254526,11.372225,0.19443639,-1.4487998,1.1679175,1.5797908,-1.6079059,1.2904353,-0.38291842,-1.0122988,1.9381819,-1.3832402,1.111366,-0.50573
1.9863809,-2.3181453,1.2358965,1.0737796,-1.8182245,1.3560096,0.86159384,6.230923,-0.3675179,-0.8029536,3.5917563,0.41257247,-1.291107,0.14739525,0.3922639,0.20380828,2.1423807,-1.5294498,2.43734,0.4366978
0.8708119,-0.21084358,-1.8713291,-0.51154804,-2.0503783,0.019570408,1.5525869,7.369642,-0.10515607,-1.1462687,2.6880987,0.66982526,-0.6792147,1.045752,1.174506,-1.3903985,2.6372263,-1.7710644,2.0240085,0.0949828
3.2534316,-0.6678204,-0.7780891,-0.35657233,-1.0368465,-1.5122534,0.32523564,0.4360965,0.80897397,0.47016332,2.5655742,2.191128,-0.19118048,-1.3073455,0.88443375,-0.41942677,0.80143833,-0.6074053,1.103559,1.4788624
2.2951992,0.58299536,-1.2054176,0.51750964,-0.36306053,-0.2791041,0.40487048,1.9897354,1.8511348,0.6461038,1.8858525,2.6556253,-1.5567623,-0.75119835,0.20931415,-1.5897679,0.11689276,-1.53427,1.6230822,0.84205395
-0.19980243,0.6503745,-0.5771401,-1.2916838,-1.2011291,2.2173963,0.63992614,3.5629013,-0.19429158,0.54892087,1.4154475,3.4707048,-1.7623632,-0.61993355,-1.0696557,-1.8552996,0.7860014,-1.5127107,2.598103,-0.6372689
-0.17862873,-1.1609495,-1.6576729,-0.70085967,-2.5055263,1.3408945,2.8286955,9.810099,-0.72988796,-1.592811,0.71414924,0.44688395,-1.7312129,2.123621,-0.86905444,-1.6043066,2.56417,-2.184646,0.9224068,0.28328162
0.29907238,-0.6742254,0.09073696,0.34914356,-0.98682934,-0.6084847,-0.18188994,0.78515536,1.3095963,0.7975152,3.9686594,0.7285626,-1.5333169,-1.2729658,1.1580867,-1.5118589,2.0477962,-1.0511357,0.89721656,0.13499671
0.47111833,-1.2355998,-1.3892105,-0.94511276,-1.975942,-0.06365583,2.897059,9.993377,-0.765033,-0.44792694,3.0086946,0.51416487,-0.783331,0.8255917,-1.4336175,0.5819774,2.1156194,-1.7854135,2.748877,1.0426939
1.346602,0.19949694,-3.0658786,0.19129042,-1.6145979,0.5356894,3.23542,4.78772,-1.1770308,-0.012105979,0.96190476,2.0076487,-1.4232802,0.21620466,-1.8316147,0.08474484,1.2500409,-1.5223072,4.7520523,-0.7683776
1.6147053,-1.2938944,-2.2876616,-0.57395786,-1.5884826,-0.17675602,0.33846673,8.271875,1.5991817,-0.829466,2.1727474,2.5981383,-1.9649967,1.4939361,0.37024632,-1.1843622,1.1317259,-2.7159958,1.6857741,1.8417724
-0.010409994,0.2609149,-0.9614638,0.48247057,-1.6604621,-0.54289633,0.042136267,1.6987938,-0.8191456,0.95049006,1.6724733,0.7671903,-1.377697,-0.7391016,0.7416241,-0.64199173,-0.15554522,-0.7488616,0.84006983,-1.018911
2.5395546,-1.3989577,-1.8991798,1.2458122,-1.7245723,-1.2866542,1.5395564,1.0900923,1.1784048,1.8732523,0.65510976,1.5887053,-1.8679184,-0.59453195,-0.5747306,-1.1801203,0.51959366,-1.3428328,2.4124932,1.9675368
3.4555657,-0.32266605,-1.027747,1.5453527,-1.6749892,-0.18437728,1.5991293,2.5848472,0.826561,0.7882376,1.0757927,2.1312666,-1.5967643,-1.3057661,0.09135612,-0.53643405,1.7174554,-1.4158789,1.6578512,1.1593876
2.938693,0.10250217,-0.11992389,1.237496,-0.8429924,-1.0496796,-0.19128081,1.4366889,1.0029227,0.24385458,1.7980292,-0.8336768,-0.16567443,-0.9638817,0.4874599,-0.7022357,1.8953453,-0.87456155,1.3035381,2.505304
3.5386822,-1.6217909,-1.0985571,0.38074657,-1.8337823,1.0195751,0.1322898,5.024056,1.6744136,0.4081231,4.76043,2.8976145,-1.33503,-0.49169663,0.6401433,-0.009998336,2.7564414,-1.4533155,2.5635161,-0.024219124
3.4847057,-0.8349033,-1.908586,1.8148588,-0.8072115,-1.1396,2.4584303,1.2870117,0.39424875,1.1189305,2.6891117,1.6577646,-2.0423746,-0.81050193,0.81847274,0.20803526,0.48868042,-0.9448109,2.3007689,2.9073868
2.1600313,-0.9377152,-1.4236559,-0.73481077,-2.102859,0.50103205,1.5556682,6.1561236,0.46403903,-0.781657,1.4530774,4.0648355,-1.4940683,0.619219,0.4979455,-1.4256531,2.3231537,-2.3312418,2.2434614,-0.413454
0.190087,-0.73054993,0.30603385,-1.5431722,-2.1581502,1.0742981,1.5482365,8.562541,0.15817738,-0.84267044,2.6498623,0.7612888,-1.4942901,0.89330524,-0.034928918,-0.90324694,2.511225,-0.89100975,0.9620101,-1.3969948
1.5410626,-2.2859976,-0.9319274,0.8311826,-2.062077,1.8239641,1.6502106,4.90518,0.7665358,-1.0313921,3.091567,0.93937916,-1.0110953,0.23969254,0.5783171,-0.25288108,2.0868948,-0.8611877,2.338166,0.9118315
0.50096905,-0.28433102,-0.7031925,-1.9029385,-2.471608,1.1628803,1.3854398,7.827714,-0.14838009,-0.6813892,2.954592,1.5569756,-2.2982707,1.7355689,-0.5983383,-0.2855374,1.4769895,-1.8945122,1.5820239,0.69608676
2.2313144,-0.9454051,-0.84000754,-0.0032549407,-2.3520598,0.20292965,0.20773853,6.4296665,0.5714676,-1.3630862,1.6422426,0.91310894,-1.7856723,0.5897672,-0.6504049,0.58501124,0.99009883,-0.9069619,2.3910835,1.0029094
-0.5360473,-1.3666358,-2.240804,-0.9380057,-2.3066592,2.055904,0.42719656,8.211814,0.15577212,-0.6748218,3.6924698,2.964898,-1.7472659,1.6453955,-0.6281592,-0.74016935,2.062297,-1.6556908,1.427203,2.0337925
0.83522296,-1.0432996,-0.7865741,-1.0018278,-1.8718551,-0.53509825,2.1800795,6.936366,0.06327985,-1.2176613,2.790828,0.66623354,-0.8039436,0.7410171,0.862773,-1.318092,2.537793,-2.0780005,2.0517929,-0.35897586
3.4483976,-0.2432134,-1.4135185,-1.2426015,-1.7539327,-0.31074068,0.939832,1.4540826,1.5372065,-0.70942396,2.9481738,1.06071,-1.406483,-1.1051562,-0.030825943,-0.32923788,1.6628968,-1.1525577,2.9410605,0.7661236
4.6144705,-1.0783594,-0.44653744,2.583614,-2.3612363,-1.2102089,1.3036354,2.294523,1.6033155,0.8487585,1.7593379,2.6788142,-1.2370756,-0.92613214,0.99242693,0.67427385,1.7038378,-0.8154153,1.0495118,0.0627572
1.1013423,-1.3993162,0.7236345,-1.2953588,-1.0575866,0.11599701,0.94781405,7.334879,-0.5538965,-0.35601023,0.70007855,1.6764665,-2.070411,0.2175584,-0.16909526,-1.1520975,2.7591963,-2.47492,1.8968539,-0.9824648
2.0863414,-0.6794849,-1.8648657,-0.8457756,-2.041804,-0.5557643,1.4997234,8.048593,-0.14953786,-1.5880321,0.841844,2.1369355,-1.8760428,1.8987032,-1.0651758,-0.67382026,1.98184,-1.6138341,1.7976899,0.67576385
1.7585751,-2.6397457,-0.86118925,0.872847,-1.6978856,1.68194,1.3953787,5.86495,0.69891804,-1.1111639,3.0426428,1.0003039,-0.88048846,0.15625784,0.3092342,-0.13099644,2.1361516,-0.8882823,2.038841,1.1431786
2.4953995,0.30964705,-0.47474882,1.0109686,-2.608583,-1.0012871,0.9678328,1.6527752,1.2133707,0.89527375,2.847279,2.9002857,-0.88402545,-0.60310245,0.46602428,-2.6402712,2.3620157,-1.4734415,1.2730255,2.090462
1.5958191,-0.99042773,-2.1752741,-1.4122123,-2.0671313,-0.6646749,1.2142442,10.080431,0.47685155,-1.3635137,2.402309,1.2325076,-1.6230189,1.6114414,0.101297975,-0.43795437,1.4804652,-1.3071489,1.8275625,0.82935613
1.5514264,0.67070234,-0.45435533,0.13174014,-0.9455374,-1.3132664,0.5899192,1.5116148,2.0337176,-0.331396,1.0235744,0.86963177,-0.005608315,-1.0229219,0.13884816,-1.3821427,2.0372992,-0.104372755,1.5684193,1.3677763
-0.9451808,-0.5613089,-2.4026573,-1.0566825,-1.6236863,0.9465826,1.1314185,10.625802,0.4108687,-1.5276183,0.73437995,1.4933196,-2.022958,1.3593655,-0.88349205,-0.66551524,1.262259,-2.4733589,1.9479616,-0.84443736
1.573499,-1.0259278,-1.1285841,1.0746186,-2.08839,0.81394404,1.3755202,5.482878,0.1132831,-0.4806009,1.3187383,2.3662786,-1.448912,0.26978147,-0.5478607,-2.6551502,0.4473831,-1.0702907,2.0721517,-1.4887415
-0.9155699,-1.0558873,-1.3934518,-0.72645247,-2.4340935,0.69197744,2.2661955,8.48334,1.841667,-1.8446599,1.4859658,2.1936505,-1.1149939,1.4023099,-1.2107271,-0.85662735,2.103569,-1.8478811,1.7997335,0.47518608
3.9094381,-1.4411398,-0.35596952,0.28552768,-0.82214653,-0.6752276,1.1895143,0.90175325,1.7480689,0.7653422,2.082792,2.0696278,-1.7254554,-0.83767915,0.09219776,-0.7783211,2.4830265,-1.6415489,1.5290118,0.4262915
3.98725,-1.3183082,-0.26626864,-0.5219122,-0.505257,0.86060995,0.20673768,1.0297457,-0.5712825,0.35839406,2.0107913,2.7626667,-0.3643975,-1.1162826,0.30880806,-0.15842126,0.89742553,-1.3835316,1.0990808,0.7999251
1.4106904,-0.9994704,-1.0191952,-0.9069801,-1.2462276,0.1845736,1.2918199,5.2673497,0.6066758,-0.93355733,2.356413,3.230515,-1.6198033,0.35968876,-0.08716429,-0.11177873,1.696223,-1.651933,0.7062724,2.221296
0.34970868,-0.22937086,-1.7432566,-0.97644216,-1.0974711,2.750022,0.8302664,3.0720532,0.44570044,-0.009426693,2.4549804,3.0581937,-1.7744792,-0.3523648,0.075343326,-1.6229776,2.2522583,-1.6845233,3.0305448,-0.039296273
2.4378583,0.038201388,-0.6669027,1.0255898,-1.049589,-1.3406652,3.1339462,0.13745138,0.031080464,1.0313648,2.455401,2.137246,-1.2933463,-1.1195147,-0.31634605,-0.70854336,1.9962678,-1.3636348,1.6904384,2.8266308
2.2611716,-1.5155158,-1.3993032,-0.11037701,-1.8222471,0.59832895,0.527219,3.965643,1.0842338,-0.41390312,0.50559527,1.6869609,-1.8335004,0.9982145,-0.16280235,-1.0340635,1.7823678,-2.065929,2.4105105,0.7331367
0.83930117,0.68205935,0.12774809,-0.9550309,-1.3233669,2.421508,0.76048094,8.194157,0.7971363,-0.2351862,3.9432836,1.8468091,-2.1532223,1.1544523,-0.7744039,-1.1533375,1.7588059,-2.0920398,2.6422691,-0.88039386
-0.2644798,-0.60368985,-0.2502964,-1.5878276,-1.8052711,1.9952328,1.4816598,9.802182,-0.63263357,-1.2270838,-0.5814247,1.9359686,-1.9821019,1.1614734,-1.3016611,-0.43857598,2.1325126,-2.083958,0.79845494,-0.43704686
0.45700604,0.46566683,-2.8234026,-0.639407,-1.2865837,1.4286809,-0.25822404,8.1418495,-1.3549956,-1.3373525,1.7623705,2.1197371,-1.6955128,0.28911445,-0.11867114,-0.83943707,0.39870417,-2.3449483,2.6531293,-0.088818684
0.18989848,0.17578733,-2.882713,-0.6874621,-1.324657,0.9418456,-0.08502576,7.082668,-1.2071344,-1.0586553,0.84763473,2.15008,-1.5573219,0.119135074,0.031692028,-0.59931284,0.5930905,-2.3199723,2.1553812,-0.022695547
1.597071,-0.28502542,-2.1734748,0.20614153,-0.9632079,-0.47719964,2.585759,1.4644048,-0.32952434,0.5720596,2.9980154,3.1169581,-0.95641536,-1.0672778,-0.7613494,-0.24633788,0.84483606,-1.1339339,1.9065163,-0.963397
-0.2418714,0.033943746,-1.0032915,-1.262702,-1.5896316,0.2065836,1.7295042,4.856085,-0.7043223,0.036767885,1.6093135,2.537513,-1.916198,0.06656987,-0.7733699,-0.6177412,0.66219664,-1.0665511,2.4399877,0.75575316
1.2947341,-0.4489839,0.6774855,0.5926229,-2.1558654,0.5145783,0.5247031,5.5237083,-0.18927832,-1.4616089,3.3475847,0.94031477,-1.7388172,0.7740072,-0.23910694,-0.29511863,2.409504,-2.0604472,1.2953448,1.3709317
3.0818524,-0.13313507,-0.1717575,0.6732723,-0.63760704,0.7643372,0.0566756,0.90510744,0.8251489,-0.11838171,3.2406123,0.7658565,-1.4873801,-1.2869102,0.9251731,-2.038968,0.6829241,-1.0125799,2.4113917,-0.25063097
1.3680348,-0.655047,-0.73869747,-1.381666,-1.0692626,-1.3665627,1.2238396,0.60099846,2.4323266,-0.40488318,4.0344176,1.5842732,-1.3638616,-1.1162417,0.5343791,0.5421741,1.4732723,-1.1340802,2.545509,1.0271809
0.875981,0.060322616,0.98659444,1.4993945,-1.4641689,-1.1697241,-0.57601446,-0.5377128,-0.27245966,2.7952619,0.25984865,1.3309033,0.9616323,-1.4571737,0.19170146,-3.1740086,0.59216577,0.4041131,0.6116052,1.2098689
-0.18401204,-1.76869,-0.19113493,-0.06403405,-2.0900674,0.83700025,0.8000806,5.269643,0.6948192,-1.4499863,2.0431483,1.7561857,-2.4216337,0.5961738,-1.2741687,-1.2193238,1.5662978,-1.558236,1.7402048,-0.2942608
-0.88019985,-1.5072039,-1.6069326,-1.3018681,-1.9728774,0.09664416,2.855988,8.345277,0.33429104,-1.4927257,1.0280565,1.8623443,-1.6019803,1.3064005,-1.6510965,-0.82591605,2.2136016,-1.4442838,1.4751525,0.14494309
1.2621938,-2.913077,-1.0123482,0.63413656,-1.5690131,2.0533442,1.1409093,5.6720896,1.1421783,-0.9391961,3.762499,1.3312879,-0.8580426,0.24075182,0.6516128,0.22418457,2.0638556,-1.1303709,2.2706895,0.50270134
3.1589932,0.24681772,-0.60176814,0.78439075,-1.0608815,-0.7734658,0.097982235,1.0907302,1.3221043,0.23649915,1.6332754,-0.61527795,-0.113620475,-1.0781682,0.2826691,-0.81948143,2.0859742,-0.7538954,1.2864107,2.6275792
-0.32118815,-0.9344998,0.4464426,-1.2604399,-1.0835255,0.1276354,0.10790571,6.849517,-0.5358341,-1.0830826,0.44290975,2.174704,-1.7604655,0.16612336,-0.5302641,-0.5825558,2.4746673,-2.337537,2.5086834,-0.50137746
4.2797303,-1.169672,-2.0470471,0.33803478,-1.4034374,-1.7430507,0.6897343,0.9058101,1.7633396,0.80653065,1.6868745,2.3579395,-1.046103,-0.59261507,-1.0856572,-0.5602093,0.95386654,-1.1094762,2.46275,2.6636052
3.2358994,0.38476261,-1.2201704,1.2348593,-0.93670964,-1.8393078,2.2843454,0.10907555,0.074383244,0.90208685,2.749003,1.7674488,-0.8053395,-1.2645034,0.46690044,-1.1657546,2.265138,-1.129717,2.1129336,2.0817986
2.9482636,-0.89531034,-1.0227123,0.64107025,-1.4016412,-1.3623844,0.6635748,1.8368262,0.6472184,0.9601684,2.8260257,3.0410702,-0.9073486,-0.8393748,0.7396809,0.6510114,2.1343768,-0.46645558,2.3769376,0.84227467
1.3106693,-0.06313952,-1.6036166,-1.3793553,-0.7609782,0.18238063,1.1737684,5.1756907,1.3232749,0.48545313,1.7243717,4.1595707,-1.8297933,0.44116324,-1.359872,0.558578,1.3403025,-2.0339346,2.777609,0.8922437
1.2766306,-0.3838849,-2.9901483,0.24000926,-1.906895,0.90465504,2.562116,5.0312214,-0.85654616,-0.19619557,0.7825093,2.0311806,-0.8593858,0.07970774,-1.7095698,1.0372523,0.9152941,-1.842161,3.820135,-0.65543634
2.148934,0.027119327,-0.6041184,0.9172229,-1.2523624,-0.2377027,0.2792712,0.10127553,-0.87128043,1.2329568,4.218316,2.163597,-0.9097688,-1.1656932,0.45588002,-0.4232948,2.0114083,-1.1862206,2.1933227,0.34762502
1.8940895,-0.03734083,-1.467971,-0.4323741,-2.4133031,0.5099353,1.9019907,10.934117,-0.5209321,-0.9389402,1.6727843,3.6401384,-1.250171,1.7001314,-1.8185713,-2.411811,1.3329302,-2.168505,1.2838866,-0.7352013
2.1449957,-1.730755,-0.088372394,0.5830103,-2.1060896,1.6553785,1.8653756,5.6000886,0.575441,-1.039558,3.4364095,0.6997031,-0.96762794,-0.22814067,-0.15713169,-0.056933913,1.9116553,-1.1701986,2.319605,0.8053906
3.9398222,0.43715462,-0.34918198,1.2544943,-2.3243637,-0.75354433,1.109094,1.8160844,1.0740504,1.0375104,2.6724458,2.2264183,-0.91379464,-0.5780469,1.0628656,-2.4877267,2.12461,-1.5254766,0.96044093,1.610737
1.3754623,-1.3969754,-2.2205007,-0.77129513,-1.1543943,0.3786182,1.7247033,4.3513236,-0.5109285,-0.28418934,0.3817761,2.291345,-1.7604716,-0.8227073,-1.0085194,-0.3948897,2.4429846,-1.523933,2.4402077,-0.2434371
1.571776,-0.6490543,-1.0351771,-1.7311802,-2.1866875,1.1028689,2.9810305,10.171563,-0.32319188,-1.3565046,0.6351395,2.1540732,-2.276468,2.333871,-0.8425635,-0.048253786,0.9900899,-1.2492844,2.0856378,0.2904873
-0.27183655,0.044558503,-1.5261471,-0.11754766,-2.0851924,0.6963019,0.78339994,9.214143,-1.072159,-0.91636634,1.4952923,1.7308431,-0.9228848,2.8255303,-1.0991259,-1.5826709,2.351605,-2.0660627,1.8254738,0.8348159
0.39251426,-0.8137643,-1.5009817,-0.44919065,-2.3243668,-0.38630578,2.0529363,8.952453,0.43554044,-0.35543638,3.1273098,2.034605,-1.3684447,0.8327093,-0.59500164,-1.9206975,1.8700255,-1.2282869,2.5302162,0.9598006
0.090962976,-0.5521832,0.7710645,-0.4936149,-1.9576756,0.9194936,1.3404146,8.419651,-0.73680353,-0.99254185,1.7021098,2.0724583,-1.6353896,1.8229934,-1.0372319,-2.9770818,1.7874348,-0.75436324,0.5676098,1.8427216
2.6370478,-1.516294,-0.27497697,-0.7918318,-1.5459086,-1.3547229,2.6787,4.091472,-0.05740763,-0.012596122,0.9800593,3.8978655,-1.7709199,0.04700101,-1.2216616,-0.9909187,1.8849463,-1.8161031,0.63898313,-0.22017534
3.1284294,0.06343796,0.23141189,1.5682832,-0.4571934,-1.6669645,-0.36284998,0.90901387,0.5189199,1.0882314,2.8270738,0.94891316,-0.910881,-0.83294785,2.688905,-0.57764673,1.2078246,0.13368885,1.1551962,0.9600834
3.4555657,0.14731938,-0.20476772,0.3970325,-1.1064957,-0.538594,1.5731354,2.420496,0.45638072,0.5828163,2.5996485,1.5086738,-1.1372687,-0.8228474,-0.46661404,-0.49697253,1.0926061,-1.4308323,2.0049496,2.507188
3.9234557,0.07868782,-0.1812883,0.47952023,-1.0829067,-0.43985787,0.6144096,2.2425237,1.5436283,0.12179891,2.4648128,2.6065872,-2.0935454,-0.9569971,-0.25059465,-1.4048988,0.81268823,-1.7743922,1.5970215,1.2531569
2.3129027,0.02187561,-0.7513244,0.7372302,-0.43318483,-0.19523038,0.9926524,1.033622,0.14194453,-0.00043134938,2.073768,2.784544,-1.1731961,-1.4598747,1.3418783,-0.7391429,1.1766689,-1.0476896,0.53129536,2.8381193
0.46605778,-1.0078956,0.41591007,-0.40663087,-2.0552328,-0.7955308,1.375052,9.420613,-0.98535997,-0.7708771,1.6043488,2.7905128,-1.1441284,1.3292753,-0.22049215,-2.3265657,1.4847454,-0.8521866,0.50580704,1.8755155
0.7913994,0.93311983,-0.07550038,-1.3142527,-0.24173847,-0.8147957,-0.47021648,0.57118124,0.9136797,1.9304514,0.0046076584,0.70207745,-0.54621726,-0.85774755,1.9063913,-1.3138347,1.4262494,-0.59505826,0.8644739,0.26235297
0.90058035,-1.6806895,-0.62217134,-0.09671385,-2.7210991,-0.49374366,2.0197215,10.7108965,1.1501482,-1.1030879,2.9553385,2.268471,-1.4037248,1.6651044,-0.7989904,-0.20432942,1.784838,-1.8154447,1.928228,0.3123728
2.7968988,-0.0392439,0.27692232,0.32977158,-2.7001007,-0.36307362,1.0981973,8.011597,0.18079211,-0.70516473,2.8683994,2.1542273,-0.72633994,0.7743974,1.0078468,-1.1803204,2.1050177,-0.8109096,2.3813953,1.5082175
-0.020330861,-0.8858121,-0.6357145,-1.0959694,-1.8348224,0.19601873,1.8816065,6.5650077,0.65097076,-0.9032393,1.2272594,2.4189703,-0.99399096,0.13694184,-1.4779407,-0.5418329,2.2760172,-1.3188668,1.9514474,2.543639
0.4941528,0.16351919,0.7705699,0.8703808,-1.9162776,-1.8151433,0.02101269,-0.5429566,0.7699332,2.3200421,0.4512392,1.4530361,0.9254874,-1.3350992,0.21800375,-2.5600402,0.37575358,0.6061985,0.3591294,1.1112312
2.317888,-0.5709742,-1.844511,-1.0656797,-2.134722,-0.56184703,1.6357495,8.191932,0.4427781,-1.5029696,0.70590866,1.9589685,-1.928122,2.0305731,-0.9209459,-0.85200655,2.256381,-1.7956554,1.7013557,0.81449556
-0.1781536,-0.5285779,-1.5623221,-1.292666,-2.0094154,-0.54666865,1.2379625,9.256841,-1.1421603,-1.0031852,1.4933795,1.0354142,-0.51923543,1.5312965,-0.8634318,-0.006015286,3.2775254,-1.6384958,2.490195,1.4759153
2.5123613,0.66898483,0.9176389,0.41262266,-0.019484486,0.89516973,-1.0653126,1.2522316,-0.61234707,0.14883474,3.2518914,1.0357652,-0.63227725,-1.0816991,-0.25565168,-0.38118812,1.466018,-0.86919874,1.2565385,-0.72496027
4.608252,-0.13115299,-0.502854,2.079297,-0.74638367,-0.12276275,0.42196882,0.66795343,1.7158251,0.5926545,2.3327014,-0.18247342,-0.25482967,-1.2076448,1.2211227,-1.0656403,1.2284497,0.013014233,0.476126,1.6612922
0.21844119,-0.47312742,-1.660869,-1.4164523,-2.6520164,1.5195687,1.3411902,11.885304,-0.3309343,-1.695559,0.9814107,1.42371,-1.7069199,1.9716368,-1.2677253,-1.7159125,1.5996037,-1.7687502,0.91178334,0.6880582
-0.6891188,-1.58424,-0.20641948,-0.8771221,-2.1470828,0.4318188,1.1131917,7.824316,-0.684164,-1.3394985,1.7023947,1.3355579,-1.8831139,0.047989402,0.007822654,-1.4851217,1.9814305,-1.4728653,1.2075735,0.30857515
1.1103784,-0.3702302,-1.86119,-1.291485,-1.7102935,2.1834648,0.78956705,2.5562801,-0.06374712,0.7774026,2.8418138,2.583217,-2.220747,-0.6990675,-1.3560776,-1.8021461,0.66105825,-1.917625,3.5480072,-0.57296705
1.2459517,-1.0103556,-2.576658,-0.7004105,-1.0266507,0.6776459,1.3364899,4.833621,-0.11242377,-0.59550273,0.86759216,2.4539227,-1.9429418,-0.2406977,-0.7050832,-0.63685685,2.2271698,-1.3863616,2.8345053,0.22810893
0.6888813,-1.0206712,-1.7374748,-0.48291677,-2.5165875,2.0742474,0.08113841,6.3535476,0.0022618615,-0.58167917,1.1906403,1.0522139,-2.4326186,0.5995376,-2.1337545,1.1627101,1.8878165,-1.9544615,1.8735526,0.1833056
-0.18715517,-0.08670058,-1.9811391,-0.43091866,-2.0069664,0.7924684,0.45896697,9.839672,-1.3440119,-0.7619538,1.5445197,1.7149483,-0.9140161,2.4216065,-1.2122425,-1.8184608,1.9744012,-2.0488448,1.4555856,0.6923615
1.6504221,-1.8466969,-0.13023031,0.13179892,-2.6676536,-0.5390829,2.1169443,10.6251135,0.6177704,-1.1589566,2.3460379,2.2743664,-1.6590288,1.9256555,-0.5547143,-0.26989597,1.6151363,-1.5783705,2.3085604,0.09508701
3.4887335,-0.6189451,0.5589604,1.6866143,-0.25491434,-1.4550773,-0.0038907921,-0.14101772,0.8443641,0.5036979,3.1007674,1.757499,-0.07792773,-1.646937,1.4999462,-2.1673021,0.014375855,-0.5572976,-0.8394611,0.26032683
1.2390963,-0.13283482,-1.0961925,0.31491405,-1.7336739,-0.4191706,1.6626897,3.1696002,-0.50987387,0.3477321,2.2741692,3.84847,-0.9736899,-0.5537319,0.082249865,-0.59530556,0.98772705,-0.9239441,2.1731277,0.6150307
3.0601354,-0.40308762,-1.1334093,1.0441277,-1.4667927,-0.37300706,0.1565768,-0.47845417,0.25470808,0.78929526,1.0435385,0.79083765,-1.2853804,-0.9652731,0.5212539,-0.23792106,1.2063102,-0.442711,1.573657,1.0511048
2.08885,-1.1676179,-0.1661728,-1.3634207,-1.5287665,-1.0015107,3.4258556,3.8736541,0.53101546,0.37361786,1.3321426,3.0268166,-1.36466,0.16490494,0.3965713,-0.95937026,2.3887873,-1.812895,1.3980868,0.42530024
-0.45990634,-0.7162022,0.13764326,-1.1751646,-1.4070715,0.3644427,-0.14347611,6.5610766,-0.6018254,-1.234881,0.20472671,2.4460096,-1.7291402,0.13522376,-0.48246667,-0.49743843,2.7233045,-2.2980404,2.5489902,-0.4983996
0.27582252,-1.0374812,-0.83343416,-1.4026796,-2.3069694,0.39860207,0.5861554,7.4862127,0.3059761,-0.8580466,3.0867696,1.9567627,-1.3056222,0.13499616,-0.72866935,-1.7425642,2.0952897,-1.742234,1.321083,0.2323347
-0.84618515,-0.31595767,-0.81120783,-1.6456432,-1.4037338,1.5782114,1.6297472,9.579783,-0.3264427,-1.2972516,-0.24738227,1.6091009,-1.906644,1.6107527,-1.4195749,-1.1484692,2.5812566,-1.888122,0.7805094,-1.0265248
0.2635786,-0.75492144,1.0567632,-0.54564774,-1.7334396,0.5428534,1.4087051,8.662037,-0.51414967,-0.74768865,1.9879452,1.8212041,-1.2417139,2.0314658,-0.69321626,-2.474525,1.4029778,-1.0203679,0.79578495,1.2442192
1.4951646,-2.309646,-0.84678936,-1.0378032,-2.8009882,0.66848916,0.0058861733,7.929626,1.3962654,-1.3993261,2.9665093,1.3688232,-0.5267911,0.28969488,-0.7237811,-1.9040958,2.8845565,-1.4505366,1.8662841,-1.2828271
0.8907879,0.32735443,-0.4619545,0.43728402,-2.985682,0.66086745,1.4005634,4.3281384,-0.1227685,-1.237189,3.1247659,2.2619371,-1.4737041,0.30860534,0.10032982,-0.1902734,1.3741271,-2.2584648,0.96131927,1.6585654
1.6774005,-1.4277698,-2.4830868,0.112353705,-1.9463528,0.5358896,3.4285152,6.7508426,-0.9400867,-0.71028394,0.5430069,2.7938209,-1.4652014,0.0524008,-0.8577571,0.26494947,2.2838938,-2.0195177,2.6626227,0.35849845
0.704137,-1.0281183,-0.3502523,-1.7405295,-2.3429728,-0.058723357,0.96219885,7.6292906,2.588674,-0.7194257,0.97251856,1.0865659,-2.2105138,0.52978426,-1.7898828,-0.76674765,1.4470584,-0.8193942,2.506856,1.3291854
2.0460496,-1.376564,-0.4491156,-0.4144826,-1.7430606,-1.4114122,1.8029317,3.8618164,-0.9261701,0.015987825,1.7105665,3.7124448,-1.7434931,0.43811327,-1.6255598,-0.6148354,1.5062889,-1.3503994,0.85939664,0.35096017
2.2127566,-0.9274907,-1.6436431,-0.8492414,-2.0501437,0.10832634,2.285209,6.046549,0.9120176,-0.67370325,1.1513985,3.3292468,-1.2710818,-0.032754995,1.3109328,-1.7600123,2.325195,-2.247577,2.7694616,-0.11589092
3.7909327,0.6592207,-1.2870613,0.97013456,-1.3416013,0.066967405,0.7364542,0.51191354,0.38595644,0.53756124,3.2463086,1.1442833,-1.0425024,-0.9141834,0.12880336,-0.9612319,1.9470178,0.65215147,2.083966,1.2127051
-0.816398,-1.8732667,-0.44191682,-0.05517742,-2.5429273,0.99021035,1.0800102,7.174384,-0.4528184,-1.1318953,2.820009,1.027069,-1.9004633,0.05220773,-1.2526509,-1.5119466,1.6344373,-1.4221903,1.7135772,0.05946724
2.5684593,-0.2393156,0.39713576,1.1179343,-0.07671881,-1.2103947,0.89512694,0.5390944,2.7878308,1.3171853,2.524374,2.1490307,-0.641639,-1.5442947,1.7609575,-1.3925697,0.16037047,-0.49102613,-0.2514346,-0.25722834
4.0353374,-1.1127306,-0.63699895,2.311058,-2.442872,-0.81241983,1.1733404,2.3870351,1.602626,0.8016538,2.2727847,2.8091502,-1.2509292,-0.9397206,0.994166,0.12556045,1.3057903,-0.9229943,0.90838796,-0.13268928
1.703326,-1.3966675,-1.0372555,-1.0689039,-1.7374313,0.087376,0.7292196,6.710728,0.976493,-1.0359972,1.3869685,3.3135276,-0.9931003,0.44551528,1.105451,-2.0303576,2.1796916,-2.0455883,1.9574662,0.83861613
2.187468,-0.20529059,-1.3057402,0.78161037,-0.562699,0.9841298,1.0632876,1.8199503,-0.14737915,0.5478089,2.0453336,2.1404157,-0.26551655,-1.5238085,-0.8772791,0.34100804,-0.57379395,-0.593116,1.4195174,0.23267761
2.417016,-0.85207945,-1.9006673,-0.40558589,-2.2847142,0.16390584,1.8936356,5.725641,0.5789857,-0.44550052,1.2528032,3.99295,-1.5150057,0.7624765,0.48636377,-1.3998773,1.427912,-2.3079596,2.270706,-0.08081374
2.0755951,-1.6349803,-0.083553605,-0.8610299,-1.739894,-1.4250907,2.284195,3.8782833,-0.47725067,-0.09042469,1.3564122,4.0068808,-1.8147588,0.10247201,-1.3708179,-0.7152497,1.7414159,-1.4939276,0.71886647,0.3529909
-0.4508861,-0.94352865,0.44277298,-1.1190413,-0.9190935,0.15828818,0.07968712,6.758681,-0.63530654,-1.1410724,0.43420985,2.3331642,-1.7016597,0.17898576,-0.71706575,-0.6607277,2.4817622,-2.3681166,2.4313712,-0.29370332
3.9751654,-0.73201734,-1.7305099,0.31840733,-1.2847754,-1.7183467,0.9856361,1.2429616,0.6819763,1.1556846,2.5448182,2.2459695,-1.1669204,-0.7082225,-0.86117053,-0.7145635,0.31451213,-1.179554,2.8236744,2.022113
1.3455496,-0.7266377,-2.0471635,-0.8825119,-2.1126568,-0.0748344,0.9742694,7.0392113,0.6798091,-0.54996085,1.2017773,3.2750201,-1.6137989,1.8898485,-0.18591434,-1.6324861,0.9779277,-2.543278,1.9565458,0.9151205
0.52707136,1.2373881,-0.15412323,0.18955688,-1.1359048,0.8290414,-0.6781001,0.93058306,-1.1756809,1.3973935,3.4674578,0.33085784,-1.2908028,-0.5705531,0.17695732,-1.679728,0.7927411,-0.18173918,0.46958402,2.1955175
1.3903375,-0.120032094,2.0224774,0.19949538,-0.07455371,-0.83863074,0.7824037,-0.4076974,0.41953963,0.6512452,1.0800799,0.2605703,-0.45208496,-1.0414914,1.2903577,-0.30507043,1.0067428,0.3412993,1.1422545,3.4446344
0.55760735,-2.0113976,-1.9681079,-1.6093793,-1.8131851,0.9539932,2.9809465,9.265999,0.57947874,-1.0333625,1.1346953,0.5966999,-1.6292152,1.332749,-0.6891449,-0.36670822,3.4536254,-1.1461368,2.6896105,0.520725
0.047935586,-0.6717462,-0.40985987,0.09549278,-2.5212848,0.666291,0.6561851,7.1390862,0.22887573,-1.2741705,2.6521072,0.3674949,-1.659125,0.63232213,-0.8084282,-0.76268387,1.7910014,-1.6286554,1.8166002,1.0850039
1.5118592,-1.3935608,-0.44586632,-0.14211576,-2.4271944,-0.27541634,1.4894495,12.553151,0.27405998,-1.3600383,2.437058,2.1659691,-1.8847436,1.2576952,-0.6458901,-0.5256267,1.3820416,-1.039569,1.2877074,-0.5337155
4.309894,-0.7086129,0.122233056,-0.96355677,-0.97376496,-0.5516839,1.831934,1.6373975,1.6992327,0.17322217,2.2707052,2.5263152,-1.6199825,-1.1269387,-0.58950114,-0.31548557,1.7581955,-2.0051107,1.6353925,-0.23414984
2.7280867,0.33585572,-1.6024508,0.35312474,-0.9499206,0.2980058,2.8621762,1.3358895,-0.22710834,-0.3714866,3.016541,2.4171958,-0.3708965,-1.2561095,-1.0389695,-0.25810868,0.29289305,-0.9312889,1.1410413,0.20368037
-0.080016576,-0.79526883,0.9347745,0.5027259,-0.88503665,-0.7354895,-0.6867719,0.27071187,-0.296745,1.618068,0.1149032,0.69294083,-0.86587745,-0.9694932,0.7934627,-0.934345,0.103678174,0.40606478,0.31505296,-0.077123895
0.22736746,-0.59258157,-1.5082057,-0.35216498,-1.3955193,2.1180074,0.6037611,4.4633904,-2.8475885,-0.73156524,0.6045771,4.115612,-1.8480895,0.7700692,-0.9692373,-2.8775456,1.2775446,-0.8941919,1.9980401,-1.8145934
2.802026,0.44400072,-1.9583527,0.21147896,-0.86902475,0.27605733,2.4223156,1.2681093,-0.17130882,-0.6062013,3.0420709,2.1586452,-0.3517209,-1.3418779,-1.3045748,-0.6586638,0.21031706,-0.698086,1.2188061,0.49197006
2.1698875,0.9843944,-0.16627333,0.34482786,-0.99494696,-0.6596752,-0.13381866,0.4258116,0.7876636,0.5806218,2.5597675,0.77305925,-1.0476872,-1.2723644,0.9124878,-0.41465667,1.8512896,-0.4544392,2.1049953,1.9156787
2.7727199,-0.96053576,0.060077034,-0.8941866,-1.9053457,-0.4787291,2.8069606,3.6574104,0.64677936,-0.43584675,2.9542348,3.8047514,-1.3815721,-0.23713937,-0.12149282,-0.63364536,1.7552999,-1.6235716,0.7688175,0.5888404
1.8792744,0.59078825,0.76183987,0.19797105,-0.050378416,-0.2462588,-1.5367041,1.4549527,-0.7588789,-0.017961292,3.015645,0.17162915,-1.3535898,-1.0594358,0.30635616,-0.40011925,0.17122002,-0.6441442,0.04276034,-0.5301981
-0.23500787,-0.69976085,0.08037058,-1.0676048,-1.8206519,0.4547619,0.33162683,8.098387,-1.4692352,-1.1735198,0.8587362,2.4414914,-1.7370842,0.35753408,0.000636624,-0.47365192,2.7193587,-2.5567737,2.3216012,0.23920876
0.45458782,-1.5446664,0.08195381,-0.94801474,-0.9182028,0.79875183,2.583994,4.413952,1.1411465,-0.413422,2.4846213,3.1025345,-1.6090864,0.6925789,-1.4762342,-2.7411096,0.07831957,-1.6261173,1.9604405,-0.67253244
1.0707556,-0.99382865,-1.3885199,-0.43583182,-2.2267454,-0.24586657,1.9945911,8.906537,0.85918665,-0.3878998,3.2022986,1.8251134,-1.5236863,0.79645497,-0.84547377,-1.7363226,1.777512,-1.3126029,2.507358,0.56727165
0.7441736,-0.86984074,0.13700758,-0.8630619,-2.0417771,-0.49839225,1.1462128,6.0996823,-0.96908087,-0.8686411,2.3057363,1.5357878,-1.341689,0.33691683,-0.26853713,-0.43461975,0.4942701,-0.59818715,1.8299397,0.44931147
-0.31446704,-0.7764011,-1.7835104,0.15392968,-2.2240086,1.4375885,-0.6753058,9.333935,0.06109781,-0.66587806,3.1999903,2.968781,-1.6875991,1.5110364,-0.3972669,-1.6019238,2.0994322,-1.6592045,1.71377,0.66300184
1.229685,-0.044926025,1.4633006,1.7083285,-1.6801347,-0.7965168,-0.06801762,-0.754034,-0.46492946,2.051555,0.3403913,0.71681935,0.37358317,-1.3673679,0.82728827,-2.5981765,0.9565206,0.99746424,0.46800187,1.5242771
2.7711685,0.34384093,0.07299988,0.82855666,-0.3208824,-0.8190616,-0.4479573,0.3383986,2.0818179,1.2484475,2.2346094,1.2343867,-0.7630941,-1.0957505,0.8645138,0.2892568,-0.2555214,-0.29316506,-0.22007352,-0.093605526
0.45554566,-1.3360454,-0.15642954,-1.2909119,-1.7450875,-0.71878946,0.013834374,7.96128,-0.16885658,-0.96590495,2.6831255,1.1271894,-1.761978,0.60079587,0.25887218,0.52483064,0.57231236,-0.9145747,2.0682113,0.71141136
3.4773161,0.40622193,0.3688381,1.2716872,0.0089562135,-1.430945,0.6809012,-0.07604569,1.0525109,0.4601013,2.5097973,1.4283597,-0.5589325,-1.6429477,1.3716782,-1.2370801,0.4291015,-0.29823938,-0.86850154,-0.695691
0.38243812,1.1912864,-0.22362025,0.12753078,-0.95532066,0.60340744,-0.91967106,0.6229991,-0.8465638,1.4718994,3.6110678,0.49124122,-1.0960305,-0.40016153,0.11846756,-1.7448952,0.6632754,-0.26958862,0.49850908,1.4252902
0.84131896,-2.0173488,0.964708,0.5876483,-1.7949259,0.19498508,-0.0155476555,6.081789,-0.2437237,-1.4949461,2.4025028,1.0833412,-1.2515752,0.12966321,0.0069499556,-0.0113517605,2.521407,-1.3294119,3.153197,0.035457555
-0.29032764,-0.18524987,-2.3135436,0.028155426,-0.98364717,0.8573204,1.7032741,7.013222,-1.9087955,-1.4688026,0.6176231,1.8538207,-1.4213594,0.6368607,-0.51458454,-1.0038972,1.5973785,-1.8147813,2.0605955,0.84354365
1.7979907,-0.3756712,-2.2043746,-0.78630894,-1.0762239,-0.9367306,2.18454,2.8547924,2.2850118,0.8088167,3.171463,3.2591703,-1.45748,-0.52198076,-0.11338923,0.16560517,0.4033858,-1.0810606,1.0788418,-0.09549254
1.3522415,-0.49814862,-1.0769979,-1.1945628,-1.4818676,-1.495136,1.0830886,0.40937155,2.8304312,-0.36071637,3.8696282,1.6257073,-1.5247517,-0.97644234,0.024573859,0.78525007,1.40386,-1.3560206,2.6696906,1.485952
1.5087883,0.033817325,0.48575547,-0.12502398,-1.295707,0.03378188,1.9158986,5.2418647,-1.1982211,-1.379829,1.6966401,2.923609,-1.0506505,0.4608951,-1.8055594,0.3069783,1.9806521,-1.0633043,2.6936595,0.84784746
