-1.0675598,1.1977389,1.6381071,-1.6988921,-1.0677168,25.810795,0.42153183,0.8579655,-1.0915626,-2.1311712,1.6749153,-0.3136586,2.341757,-0.26386926,-0.64854735,0.29128373,-1.0800507,1.5428385,-0.62759066,-1.7500621
-0.3567833,-0.49619237,0.86885345,-0.4160737,-1.6866171,40.736244,-0.8886636,1.0924934,-0.13868068,-1.4332751,0.054571655,0.028377062,0.01088978,-0.71942157,0.5828345,-1.5425602,1.912432,-0.42849708,-0.72200984,-1.0606973
0.91216654,0.08014025,0.6268174,0.019617632,-0.6796814,27.61412,0.31343424,1.0553128,-0.18760796,-0.49031848,0.34822658,-0.36656314,1.0863255,-1.3228348,1.0736178,-0.92745,1.0193136,-0.1351896,-0.06337245,0.13783713
0.9252141,-0.7517667,0.03641523,-0.30304864,-1.9045303,24.943316,0.79657906,-1.3487494,-0.411409,-0.21593815,0.47816265,0.47485447,0.30146074,-1.041584,-1.2875217,-0.55820256,-0.05558555,0.061516594,-0.49281758,-0.21240187
0.109801754,-0.88224185,-0.14846534,-0.977638,-0.53477335,26.33211,0.46406874,-0.7591153,1.4270922,-0.14253488,2.2077305,0.3833922,0.12659839,-0.87053746,-1.6139739,1.6366849,-0.23764777,-0.7678868,0.015875248,0.20501974
0.517267,0.46586123,-1.0468965,-0.7719457,-1.7923049,35.682606,-0.4297196,-0.27429396,0.9156786,1.6140321,1.7277449,1.2357846,0.6993755,-0.55398047,0.07802966,-0.6825083,1.1394316,-1.4391217,0.08053161,0.6051115
-0.07490816,1.3093113,0.27371934,0.67828286,-0.79962337,11.927971,0.9942431,-0.5606208,0.8269316,0.2502435,0.6999294,-0.3259894,0.23044823,1.7860438,-1.1304862,1.2587733,-1.0618832,0.81511354,-0.074327335,0.2613847
-1.0672474,1.0039731,1.3626568,-1.864907,-0.34990427,30.585762,0.6827595,-0.37693676,-0.5175696,0.40680662,-1.5185422,-0.61628735,1.1514963,-0.6647562,1.1830316,-0.49901378,1.1823293,-0.24144931,1.8883834,-1.5770147
0.6540491,-1.3094693,0.01718138,-0.017980559,-1.5546465,28.832085,0.895906,0.8033767,0.8037266,-0.73157537,-0.9314409,1.0913651,0.91936755,-2.2033033,0.050864886,-1.5292245,0.086524315,-0.21843085,0.9443124,-0.8679769
-0.5459178,-0.60021764,-0.57715374,1.213084,-2.94944,33.64021,-0.25939187,0.92849815,2.5739205,0.20369662,0.90333134,-0.7032852,-0.0889946,0.059501976,0.14632384,0.45513663,0.8600801,0.20143667,-1.3343432,0.0377864
0.51946247,-0.05895008,-0.5545235,-0.31239197,-1.4075981,31.506798,-1.3347222,0.56616527,-0.62046295,-0.7593216,-0.23980506,0.22021995,0.38251308,-1.5857891,-0.36385086,0.34780243,0.67021054,-0.8406875,-0.19663253,-0.4095544
-0.05291485,-1.0094278,-1.2492964,0.6859419,-2.299269,14.833265,0.556166,0.63700783,-0.8503116,-1.1835816,-0.7751119,2.4392905,-0.70229447,-1.451741,2.3218956,0.14031462,-1.2624737,2.472726,0.005645811,2.2767582
1.9968452,0.8768318,-0.5444541,0.47416776,-1.3897226,35.718964,-1.0036515,0.20751262,1.4681442,-0.84091383,2.290436,1.8557868,-0.5370568,-1.1918516,-0.05318724,-0.82551986,0.7325016,-0.6783984,0.45896763,-0.19737457
-0.48753244,0.60691816,1.4744961,-1.0872642,0.9053313,28.820957,0.36833295,-0.99203503,0.5553327,1.2663289,0.84169567,-1.0247308,-1.9703448,-0.02239992,0.58205914,-0.037776113,-0.085985586,-1.8600626,0.5395912,-1.0344514
-0.69466794,1.0880531,-0.5433908,0.105112314,-0.63790387,16.394125,0.9306303,-0.722801,-0.068627395,0.8038331,0.9331767,0.933015,-0.75106597,-0.60467446,0.67257,2.559257,-1.1772186,0.5539796,0.8882774,0.27508664
-1.2929828,-0.022608774,1.4643226,-1.4082062,0.06454641,23.536127,1.760669,1.1325164,-0.58250505,-1.2108057,-0.81937915,-0.76345795,0.26849565,0.2748008,-0.024542114,-0.053658243,-0.59781647,0.058591027,1.9662974,-0.87466323
-0.793052,-0.61903775,0.81700724,-1.6840489,-0.8065449,27.689472,-0.13645133,0.62141633,-0.11142078,0.017769475,0.17890795,0.087498784,1.0199978,-0.8904269,1.3674129,1.6249117,0.35527,0.47109124,0.26676342,-1.7374591
1.3610374,-1.0705689,-0.52842534,-0.16211306,-2.4327471,36.857742,-0.5142561,0.71959263,0.82602936,0.7566591,0.47844586,0.37366107,-1.8088471,-1.4127283,-0.8791913,-0.090897426,0.8448372,-1.6789011,-1.6611712,-0.30093345
-0.95869476,-0.8170651,1.2525561,-0.7635155,-0.3952071,26.58848,1.1532956,-0.19577143,-1.0413165,-0.08480187,-0.23565863,-0.5261319,-0.06428699,0.38657776,-2.3157089,1.1960226,-1.4012132,-1.1070603,2.1305673,-1.6428406
1.7408828,-0.76874804,-1.3549232,0.9485726,-2.1388292,29.074528,-0.7279188,1.1471263,0.039538495,0.2837316,0.6784044,0.88569283,1.3390511,-0.095290944,-0.14266017,-0.26020184,0.48922706,-0.2883751,-1.3013542,1.7944788
-0.9873359,-0.27890012,1.2047379,-1.1729321,-0.61554885,29.167578,0.47021493,0.2228242,-0.10507186,0.32148182,0.4365169,0.39821202,0.12456215,-1.2148266,0.95606416,0.15050301,0.05215206,-0.06058068,0.2672499,-1.1027421
1.4808927,-0.86269796,-1.4792787,0.9243353,-1.6837562,29.988703,-1.1587366,1.4086889,-0.142737,0.49952713,1.9587544,0.85668564,0.5622648,-0.067117944,-0.953731,-0.60743797,0.8630193,0.19550587,-1.7001021,1.1788085
0.8657903,-1.2199783,-0.9993342,0.63397026,-1.1031376,25.201303,0.73484147,-0.90467435,1.175029,-0.08494077,0.5939119,-0.13783428,0.563813,-1.3096741,-1.3014972,2.3930066,-0.39207402,-0.60659003,0.14377367,1.1751771
-0.26757124,0.1981166,-0.45164344,0.16802621,-0.4367859,14.031706,1.0630869,-1.1637961,-0.27210695,0.30545357,1.2706872,-0.6260777,-0.62161446,-0.6940417,-0.077629596,1.3634001,-1.7068477,0.82265955,-0.38394466,0.36537468
-0.75435084,0.98608583,0.10911351,0.12422834,-0.601517,29.836327,-0.81169546,-1.7092488,1.3708243,2.3268797,-0.65392447,-2.7828827,-2.1155734,-0.30295402,0.30298224,-1.4208424,1.0827175,-0.6671851,-0.3688533,0.43204433
0.7290035,-0.13017766,0.5954141,-0.15926932,-0.9309807,36.81201,-1.1483631,0.86683404,-0.90616,-0.19737123,-1.2133068,0.7534335,-0.40578732,-1.6298767,1.5190302,0.5070317,1.364139,-0.9624739,0.49828225,-0.5183366
-1.1553392,-0.5135681,0.30008823,-1.0346211,-1.2971382,36.55719,-0.96878684,0.35613194,-0.75258166,-1.3608576,-0.6029637,0.07587234,0.056022048,-0.6043431,-0.46469057,0.11029775,1.6653259,-0.95629865,0.41263193,-1.0208331
-1.494207,-0.63623834,-0.43758467,-0.86003166,-1.8936925,32.90284,-0.38403237,-0.7720218,-0.11018718,3.5868676,1.022589,-1.3785678,-1.4903978,-0.62945074,1.273209,-0.6428257,0.6738887,-0.66537464,0.21671408,0.5322284
0.0857241,-1.043346,1.3695065,-0.9829158,0.019343454,27.381039,1.2230749,-1.0380744,-0.3488609,1.8458084,0.560444,-1.2698367,-1.7539679,-1.189271,0.69300544,0.49757248,1.6651064,-0.4490297,-0.28281888,-1.1811869
0.37477553,-1.3986357,0.7583367,-1.3133001,-0.8589976,33.18542,-0.61436427,-0.132543,-0.49906322,-0.67066354,-0.5493067,-0.69093746,-0.2064891,-1.2333941,0.9757264,-0.955882,-0.83932865,0.18496299,3.4536006,-1.4042993
0.16724735,-0.29543406,1.6079854,-1.0255721,-0.6415453,30.72008,-0.6180297,0.9599339,-1.5221441,-0.9952419,-1.0189906,-0.16007653,0.90958005,-1.701216,0.14897493,0.311073,-0.32895166,0.18508855,2.160675,-1.4449892
0.039746456,1.1439781,0.56775385,-0.02495952,-0.95927376,13.580017,0.44667017,-0.5455954,0.88432366,-0.32490268,-0.05400714,-0.30368075,0.32807,1.8142596,-1.0537276,0.80483824,-1.2097269,1.0601666,0.8328283,-0.043570805
-1.1952305,-0.4877703,0.9832447,-1.3489002,-1.0560207,29.485933,0.46214423,0.3039307,-0.21139121,0.077945255,0.28721955,0.29490718,-0.1667294,-1.2292523,1.7141839,0.46885207,-0.12984502,-0.085668996,0.026451265,-1.0246576
0.8235384,0.08235999,-0.44216204,-0.177237,-2.4206982,26.701706,0.29731405,0.41934988,-0.02360781,-0.65398604,-0.9092742,1.105378,1.1378069,-0.026874337,-0.9524212,-0.14606021,-0.59796554,-0.070107445,-0.11898487,0.23350589
0.28458497,-0.4084345,-0.008907514,-0.46247926,-0.7425443,18.318974,2.2736874,0.33222407,-0.43693072,0.08735418,-1.093575,0.45709193,1.0813717,-0.042220276,0.18489571,-0.109819636,-1.1803281,1.1843917,0.62099093,-0.20084304
0.28557876,-0.2129754,-0.7667905,0.38828608,-1.1322751,21.934582,1.137542,0.23818307,-1.1738838,-0.6046584,-1.3977972,-0.0699198,1.1163124,-0.29546314,2.0595274,0.88313586,-1.2276188,2.1440027,-0.6911321,-0.94315463
-1.0740485,0.034125816,1.0101835,-0.5808274,-0.95532674,30.922598,-0.018495157,-0.46836573,-0.30947748,1.668892,0.5863459,0.3568698,-2.0613072,-0.31747106,0.6217966,0.36362955,0.82926106,-0.6283136,-0.16694982,-0.09333445
-0.07758897,-0.36379132,-0.9934904,0.23532803,-0.11898081,34.61809,-0.78257304,1.6240468,-2.1677802,-0.083796896,-1.4501574,-0.80816084,1.4882525,-1.6342978,1.3874173,0.2076415,1.4616895,-1.3277745,0.8946764,0.39795068
0.21116687,-0.2690892,0.11294539,-0.47788846,-0.80037045,18.36236,2.1473122,0.44288152,-0.38116285,-0.11519237,-1.0858642,0.16330081,1.0332633,0.17235696,0.1781142,-0.13391192,-1.1344024,1.1362115,0.7489413,-0.22449091
-0.0746722,0.31738102,0.2005211,-0.16473213,0.10088232,30.950352,-0.2578958,-0.7889064,0.5086566,1.3645426,0.4561712,-1.1343617,-2.3057976,-1.2407194,1.0447168,-0.40810686,-0.0727216,-0.49447146,0.6104389,-0.10922489
1.026813,-0.089195594,-0.22561699,0.07681907,-1.3399991,34.261215,-1.1580791,1.0352358,1.7159942,-0.57596,0.5774076,1.035536,-0.00462086,-0.8213846,0.88439375,-0.77686316,1.193293,-0.3145487,0.45524412,-0.43364134
0.36776963,-1.1957487,-0.7136315,-0.044985853,-1.6358564,24.709507,0.75347877,-0.7318949,0.5870947,0.17059217,0.93636346,-0.73395014,0.3592246,-1.0426722,-0.60184026,0.56320506,-0.040964674,-0.13204774,-0.45222732,0.30782366
0.9676854,0.51686525,-0.29890278,0.025533568,-2.7590163,26.553495,-0.8729681,0.63636667,0.48720697,-0.43512312,-0.6354219,0.78528684,0.7447144,-0.972651,-0.6183299,0.2294248,-0.18180273,0.35688564,-0.055464197,-0.75639385
-0.7416731,0.6959959,0.19286178,0.4351665,-0.24866101,25.609016,-0.5568223,-1.4447367,0.7246491,2.0014355,0.45987755,-2.3103266,-1.7583055,-0.8190937,1.1706362,-0.8859609,0.88347846,0.34462193,0.6227653,1.1058536
1.626662,0.83707166,-1.0978475,1.3619989,-2.1601992,28.02891,-0.790994,0.35550228,1.3305659,0.05625843,0.56269264,0.626165,-0.28528792,0.38433483,0.18560383,0.38739234,0.11667822,-0.5207114,-0.26392743,0.11591213
-1.3328756,0.38521707,1.1043377,-2.248368,-0.36371854,29.290838,-0.342291,-0.8917724,-0.87845194,-0.9111337,-0.4145932,-0.12003754,-0.53058004,-0.6398042,-0.91382295,0.6190673,0.09939916,-1.0428677,-0.66885763,-0.8828935
1.2936748,-0.9668076,-0.1769234,0.051010843,-1.4502122,27.841457,-0.4460059,0.75070363,0.572666,0.022188693,-0.25651827,-0.3390457,0.5311041,-0.25138757,-1.1096978,-0.031355083,0.541711,0.5402545,-0.12107049,-1.7567961
-1.347025,-0.42786637,1.5543491,-2.2784896,-1.3029482,28.594215,0.2220849,-0.17348339,-0.59713393,-1.3722384,0.23236857,-0.53468186,-0.644661,-0.5208401,-0.78396446,0.81829566,0.3161954,-0.39642867,0.6083696,-0.86133635
0.0023724334,1.1133981,0.17619477,0.14843711,-1.1736853,33.198444,-0.7709877,1.0015625,-1.0840567,-0.3179551,-1.0613195,-0.5200085,1.5509021,-0.7578474,1.109199,0.1872976,2.157351,-0.29364213,-0.4080735,-0.1821994
-1.3829874,-0.23590748,3.1782093,-1.3341295,-0.5736531,25.729815,1.7055897,-0.067085296,-1.0417255,-0.19959985,0.21058607,-0.7245396,-0.0013480886,-0.46343184,-0.49397507,-0.42480958,-0.27134424,-0.6572191,0.18891309,-1.2974869
-0.1975871,0.65847826,-0.60574985,1.0951015,-1.2259887,33.95037,-0.46157545,-0.41740933,0.568508,-0.09543362,-0.0038948737,2.055163,1.0980631,-0.24201187,0.035600822,-0.21500547,2.128968,-1.135254,0.23037916,-0.07302554
1.5764092,-1.2624365,-0.9201337,0.8027116,-1.7965287,37.043736,-1.262407,1.2640287,2.1293755,-0.73977053,0.1856426,0.5347414,-0.40950567,-0.8301758,0.5267336,0.4088487,1.2847989,0.007227355,-1.2615465,1.1014485
-0.40814003,0.39802763,0.43080252,-0.085279346,-0.91751105,42.397274,-1.5835412,0.09185427,-0.8682766,0.3455283,0.6417857,-0.74746734,-0.13769831,0.5137694,1.4266182,-2.1441913,0.23766199,-0.77362126,1.2895378,-1.7272034
1.2984971,0.49329445,-1.197789,1.9686453,-1.4828212,31.489973,-0.84666246,0.08905463,2.9767933,0.46615478,-0.01988905,1.258868,0.15677068,0.31090665,-0.59678,-0.20381595,-0.06329446,0.35101128,-0.8356806,1.3738226
-0.854715,0.90634024,-0.7009242,1.0422586,-0.6045582,15.523628,1.008271,-0.8972926,-0.988653,0.11687572,-0.71996796,1.4515216,0.7770033,0.18565647,-0.22619878,1.8398355,-0.745577,1.1632087,-0.49094015,2.0534644
0.8143649,-0.1911453,-1.1120725,0.6695582,-2.1092286,34.76573,-0.9183816,1.2959458,0.5690434,-0.5392515,2.0854483,0.45750007,-0.17988437,-1.1899587,0.56365913,0.50363934,1.3503673,-1.0339907,-0.32789034,-0.3821228
-0.063345626,1.3500742,0.14515921,0.7631646,-1.4036106,16.269407,1.2818996,-0.40935215,-0.6475261,0.5995664,-0.7480512,-1.3761646,0.6534377,0.90106875,0.13341366,-0.40140188,-0.6155214,0.79310954,-1.2454633,0.73761165
-0.5317728,0.26429573,-0.6821998,-0.7134991,-2.036719,34.200676,-0.0539476,1.1715918,-0.41123354,-0.5508496,1.2213902,0.64447236,1.0890684,-0.5681917,1.9176756,0.12063223,0.012811619,1.5440952,0.020623708,0.17050813
0.4180708,1.8935676,-1.0401167,2.2935731,0.578675,15.596618,0.83841294,-2.2887847,-0.6151684,2.6585493,1.459731,-1.6946115,-0.81238633,1.711511,-0.013506665,-0.91769415,-1.9359431,2.684852,-1.285533,1.509554
-0.0411407,-0.1876126,1.3620455,-0.9816681,0.49963298,27.215963,0.85386693,-1.113297,-0.014966154,1.4896367,-0.2920819,-0.9208394,-1.420964,-0.48532277,-0.09722721,0.23188621,1.2567872,-0.6995865,-0.5449015,-0.92295617
1.1522014,-0.053348206,-0.54854774,0.08040826,-1.5208495,33.475563,-1.4519182,1.459899,0.95451856,-0.1716546,0.263855,0.3534479,-0.18560329,-1.1247333,0.56043434,-0.84771425,0.69040686,0.34706572,1.2466581,-0.6797105
-0.3043029,0.15058824,0.8628875,-0.9190569,0.54978514,29.132998,-0.36862564,-1.5414004,0.7277675,2.4236202,0.9431415,-0.43920338,-1.3847905,-0.28531453,0.786935,-0.5138129,-0.06142558,-0.6332869,1.2058747,-0.6896909
-1.071167,0.099581815,0.83067614,-2.0612938,0.4960454,28.574589,-0.35299367,-1.5899854,-0.99316496,0.48232153,-0.04296684,1.1808412,0.44882172,-0.18453285,-0.1931131,1.207598,0.09717743,0.04853103,-0.47553018,-0.21631868
0.44716674,0.48165143,-0.43983912,-0.53539765,-0.7742237,13.031992,1.4795161,-1.4042794,0.47744286,-0.5000792,1.3156474,-0.007690316,-1.4114071,0.11787227,-1.7742778,1.3543513,-1.4024957,0.48857054,-0.47702044,0.25199348
1.402107,-1.0780133,-0.52864456,-0.14554036,-2.4428587,36.59448,-0.50070924,0.74280876,0.8760569,0.7495615,0.49331102,0.41618973,-1.7736592,-1.4211788,-0.8663297,-0.12296273,0.85020363,-1.6398797,-1.7040507,-0.30237263
0.97399926,1.7856587,-0.8992514,-1.2596943,-1.787349,34.347446,-0.6719723,-0.76536554,0.9044425,1.6944854,1.3459495,0.425874,-0.72581744,-0.9066517,0.104854845,-0.023162628,1.1067435,-1.7810458,0.010788514,-0.38901484
0.07251294,0.13920477,-0.7184094,0.07767307,-1.0289321,39.44194,-1.8683106,0.18804371,-0.8816205,-0.7445941,-0.6621023,-1.2678779,-0.9964418,-0.36290532,0.20173626,-1.5926273,1.4981351,-1.0741671,1.1439134,-0.84016997
1.0048447,0.32346377,0.050469544,0.6381307,-0.56565726,17.002758,1.6169434,-0.56215954,0.02375013,-0.5312287,2.736616,-0.14863072,-1.390372,1.347976,-0.60797256,0.77436227,-1.221205,1.4352739,-1.4011968,1.7113155
-0.48415935,-0.3539142,2.1133387,-1.6250933,-0.7875683,29.177835,0.64374965,0.649456,-0.36835498,-0.13336325,0.04915224,1.6522218,0.86997145,-1.0053052,-1.4966975,-0.13531908,0.6089944,-0.24565318,1.2731502,-0.97242725
1.0257013,0.033289462,-0.9010303,1.6704109,-1.1622359,19.892044,1.9768943,-0.19530638,-0.77486354,-1.053983,-0.75172627,-0.050371945,2.4774032,-0.09713651,1.1614563,-0.2000587,-1.5433288,1.8192341,-0.102262095,-0.14340222
2.1477396,1.4170742,-1.5804397,1.4649875,-1.9598789,28.093798,-1.1430339,0.43779734,1.2255869,0.7319387,-0.013682133,0.94996154,0.021130323,0.27887923,-0.16998364,0.23554607,0.016473414,-0.42646208,0.18185514,0.16169682
-0.15052609,0.9105314,-0.056814443,0.011929061,0.008674221,13.413078,0.74929553,-1.3934243,0.38322076,-0.06279342,1.129119,-0.4007977,-0.069632,-1.6022996,-1.0669495,1.4410007,-2.0048246,0.79401284,-0.056810837,0.4933532
0.858756,-1.230118,-0.20087798,0.17478378,-1.2811811,29.615602,-1.0650952,1.200085,1.2456355,-0.11741396,0.17184427,-0.026603473,0.82862955,-0.5226505,-1.8257748,-0.0016209097,-0.05125093,-0.70010036,-1.0203221,-0.64445686
-0.08223521,-1.5443054,-0.5807482,0.71014684,-3.0512443,34.34674,-0.8342002,0.8002661,1.4561799,-0.25688764,1.2637926,1.8771505,0.19031917,-0.047860913,1.0194144,-1.4196668,0.9303112,-0.20537946,-1.5140429,-0.004054026
0.9805264,-0.039464794,-0.6945104,-1.2242943,-1.8504803,34.91613,-0.8113264,-0.8408845,0.29937977,1.6051056,0.8220116,0.27026576,-0.43988386,-0.7972119,0.8457433,0.33191144,0.579622,-1.3802313,-0.68546724,-0.9178839
-0.8168157,-0.05530839,1.6421224,-0.72103065,-0.5390378,31.19422,0.65036976,-0.3956709,-0.41233927,-0.88637286,-1.7603905,0.057286296,1.0119865,-1.0997696,-0.11229641,-0.49295163,0.76239115,-0.089614004,2.5504584,-1.287213
-1.7694101,-0.7529452,0.68968564,-0.14935498,-0.84351414,29.611431,-0.45300803,-0.8229772,-0.059569582,2.5260885,-0.054282553,-0.058175854,-1.5545676,-1.1430545,0.9028811,0.6170069,0.8895971,0.6498806,-0.059402026,0.18811671
0.28371882,1.1629127,-0.4111136,1.5433514,0.36906332,12.609853,1.9912459,-1.4875209,0.9107218,0.9815804,1.6957284,-0.36326596,-1.1096175,0.791473,-1.0949676,2.5737295,-1.8458034,1.4307497,-0.994247,1.0016721
0.25790828,1.3540629,0.13506128,0.2171541,-1.1438358,34.00308,-1.1477909,0.9840267,-1.2057016,0.1352901,-1.2925363,-1.2115873,1.5544019,-1.0000917,1.8443935,0.23242188,2.3419468,-0.6229066,-0.39739078,-0.015958022
-0.4254384,-0.43506292,1.0399317,-1.157531,-0.49262202,26.175741,0.14506978,0.92932224,-0.6300977,-1.1133597,-2.0367858,1.0457808,-0.11253054,-1.2663792,-1.6267618,0.8679519,0.16169617,-1.2234685,0.33531886,-1.3836102
0.47716907,0.19547155,0.8263458,0.6429397,-0.61289376,16.388191,1.8880613,-0.45698306,0.8672262,-0.8198746,2.1360378,0.06742494,-0.97125196,0.4900621,-1.097839,-0.23991677,-1.6231698,0.3674241,-0.799161,1.1826057
0.661864,-0.16432746,-1.310492,0.72112775,-1.9501857,34.977425,-1.1616864,1.1063542,0.22761287,0.2593974,2.00833,0.84939957,-0.5027154,-1.5362121,0.3717995,-0.18663798,1.4566952,-1.0738518,-0.18485841,-0.044035036
-0.8037774,0.1705377,1.7602547,-1.0378944,0.46867642,22.914091,0.71684444,-0.6743336,-1.6731722,-1.6961901,0.2870165,-0.8020475,0.83265954,0.10367243,-0.014223581,2.6628516,-0.5889773,0.9343887,-0.14530452,-0.7003453
1.2890598,0.10791982,-0.16252114,0.065589264,-1.3878073,27.715782,-1.2703594,0.7109318,-0.42694625,-1.5918416,-0.79126805,0.15966024,-0.46340975,-0.7907289,-0.96904516,-0.35159194,-0.16361935,0.589795,0.5280182,-0.64667594
-0.3192017,-1.0027544,-1.1038969,0.7080119,-2.5714836,14.002828,0.7052428,0.48931012,-0.6938729,-1.188709,-0.83144796,2.2432,-0.3845837,-1.1732655,1.7776479,0.22702032,-1.2628266,2.641734,-0.19880888,1.9916316
-1.1721174,0.87221867,-0.3226974,-0.026117211,-1.1781994,15.487501,1.3769056,-0.7630542,0.45160562,1.3437512,1.5260636,0.33738473,-0.8729916,-0.42051545,0.72951597,1.9560541,-1.376087,0.6479877,0.8234095,0.58459646
-0.73928815,0.4058881,1.6683817,-1.2963477,0.3764075,22.556581,0.6610936,-0.5582274,-1.7871957,-1.4762765,-0.04641104,-1.080206,0.47871056,0.33950752,0.10837999,3.0187263,-0.7671053,0.8921563,-0.38176033,-1.0830688
0.52335554,0.18268587,-0.8920085,1.5026553,-1.1241462,15.4946575,1.5803277,0.14979765,-0.5091938,-1.2701604,-1.4265119,-0.6183555,1.9403087,0.38989466,0.14956883,2.0501218,-1.4790733,0.37427476,0.272281,-0.36491907
-1.1587267,0.2196671,-0.06963172,1.0496796,-0.7346849,16.326542,0.6845176,0.5244984,0.081924,-0.46831253,-0.5225284,0.9785355,0.8494946,0.07493509,-0.29299554,1.5324641,-0.8112641,2.0768323,-1.3860615,2.6199808
1.3565379,1.3959645,-0.60437554,0.82992464,-0.3867445,12.125863,1.7998093,-1.2172328,0.26329,0.0930847,0.9588494,-0.4923869,0.6673431,1.1529485,-1.5284721,1.2744802,-1.5559174,1.2837732,-0.88203675,2.4125273
-1.2196412,-0.6972767,0.20563665,-1.074253,-0.6161812,28.717216,1.1151975,0.2149809,-0.9585666,-0.26896754,-0.589332,-1.2337154,0.38352066,-0.60848993,-0.1242028,0.03484355,-0.77381206,0.003941691,1.0575404,-0.32674032
-1.0529834,1.3015186,1.5101463,-1.7492645,0.3578591,27.368103,0.030412896,-1.4421525,-0.75401723,-0.2664181,-0.30687466,0.43110785,-0.9596448,-0.37257373,-1.4610083,0.85790455,-0.48488683,-0.3500665,-0.81357694,-0.16199867
-1.1151165,-0.47187507,0.3521822,-0.5520743,-0.86233795,28.885658,-0.43021423,-0.98905253,-0.16432522,1.0643541,0.52339655,0.50892496,-1.2733052,-0.70513153,0.8673118,0.702024,0.56609106,0.381735,-0.22421978,-0.05186346
-1.4127356,0.27011952,0.9298673,-1.4719789,0.39103413,24.756744,1.4961897,0.70102006,-0.76968044,-0.6127511,-0.68692255,-2.3010225,0.92354023,-0.073800735,-0.54243594,0.3984693,-0.30463967,-0.035121206,1.9991236,-0.6167565
-1.3838632,-0.80857563,0.86066365,-0.65156126,-1.0710726,26.232918,-1.4437793,0.83593965,1.5189953,-0.74518234,0.6297865,0.36624613,0.38491416,-0.65563196,-0.40717444,0.1227243,-0.8023258,-0.7359871,0.1517422,-0.189186
0.7004709,0.914368,-0.35946578,-0.598994,-1.8665076,35.75467,-1.5307543,2.115338,-1.6005747,-1.4763836,-1.3022022,0.43804628,0.7639232,0.30195513,2.2075021,-0.6184953,1.1774576,0.13080484,0.42440084,-0.7359473
1.2527844,0.051104784,-0.6402494,-1.1116704,-1.7314706,33.680088,-0.8024015,-1.2651898,1.2522261,1.4690809,0.81767625,0.11334224,0.0043264013,-1.1151396,0.5511232,0.5038373,0.74186915,-1.6700265,-0.9271538,-0.96678346
1.0033368,0.14063461,0.6496171,-0.45175007,-1.5900109,26.581894,0.79291624,-0.7802801,0.7564554,-1.6795093,0.14817342,0.8039109,-0.62888056,0.672298,-0.7982976,0.4499166,0.2841425,-0.22024848,-0.6973862,-0.93935865
0.59747463,-0.41769263,-1.0763083,0.9143995,-2.1141827,35.23322,-1.0426933,1.0844034,0.2527427,0.38904294,1.9527283,0.9060196,-0.49097535,-1.4270602,0.48873234,0.052970164,1.4139757,-0.97258264,-0.111646764,0.041815028
1.3325676,-0.32909176,-0.73190165,1.8286111,-0.048598185,24.197582,0.44066867,-0.58003736,0.035548422,-0.034921747,1.2672423,-0.74169546,0.54626805,1.1599627,2.143132,0.6894147,0.6717919,0.8272578,-0.3848454,0.7991106
1.2810202,-0.7183549,0.21224518,0.45883203,-1.5266991,30.548262,-0.2731385,0.46635762,0.7033796,-2.329518,1.579926,-0.5978491,0.2257823,-0.58572924,-0.5810652,-0.70587325,0.5650295,-0.13964792,-1.043496,-0.26382264
1.3052421,0.015241607,0.008202937,1.0040052,-1.3561852,27.778265,-0.3451096,-0.63890415,1.3764313,-0.34042823,-0.74188733,1.0170623,-0.2299031,-0.106794536,0.12454705,-0.65024626,-0.75194013,0.27464834,-0.6254389,1.441721
0.7028474,-0.59878534,-0.19546011,-0.3017218,-1.427209,31.062937,-0.87671036,-0.45077235,-1.2028693,-1.0885085,0.10390737,0.5487384,0.88038033,-1.328961,-0.57385516,-0.11968107,0.99616325,-1.2779614,0.06990731,0.5541563
-0.93243974,-0.076523446,2.6087966,-1.0862063,0.16123946,21.104757,1.4687694,0.5130909,-1.5377957,-0.49890888,0.30656168,-1.0726649,1.2976149,-0.09727902,-0.5191478,2.251575,-0.36792415,-0.4512091,-0.5971253,-0.699283
-1.1212016,-0.05541798,1.5388727,-1.4554414,0.11184772,23.655882,1.9608884,1.060894,-0.6013343,-1.0921191,-0.93084157,-0.9556341,0.23553349,0.11360239,-0.28695473,0.090018354,-0.6104802,-0.14970791,1.743244,-0.9401853
-0.33381304,-0.6453004,0.23856248,-0.99466324,-0.8008204,26.122177,-0.08210791,0.8825411,-0.5700819,-1.0494089,-1.9730023,0.8732367,0.18046324,-0.7773107,-1.0140481,1.0208113,0.30986184,-0.9224248,-0.04544326,-1.3546364
1.2286363,-0.63323176,0.049504813,0.20592354,-1.9839466,25.382921,-0.25303885,-0.52279675,-0.26199913,-0.11739412,-1.0561543,0.2557122,0.8042722,-2.2998285,-0.46624535,1.1226655,0.055165432,-1.1879214,-0.8233706,0.465273
-0.450665,-0.72650766,-0.442445,0.8533607,-2.034619,33.10605,-1.1921092,2.6038263,1.4680327,-0.23714668,0.8996579,1.3209239,-0.8474924,-0.9396626,-0.15162085,-1.1482254,1.8320392,-0.93255836,-1.5226431,-0.8135292
1.6986415,0.46273807,-0.5604275,0.40776893,-1.4705179,35.640953,-1.0780538,0.20161113,1.6568048,-0.8901701,2.252492,1.1550462,-0.57494146,-1.2464724,0.51279944,-0.8063241,0.97301424,-0.5154665,0.66496575,-0.361608
-0.13944328,0.018867511,0.15493523,-0.45734262,-0.79743063,37.75588,-1.379712,-0.5703621,-0.93591,0.45076567,-1.7209349,1.4113177,0.2815501,-0.6627785,0.5278671,0.40787032,1.75462,-0.9461457,0.1606702,-1.1245898
-1.2525818,-0.27711418,0.50492585,-0.5212508,-0.8766022,26.010912,-1.5532936,0.8892652,1.3481959,-0.6918336,0.6250936,0.5128888,1.0071052,-0.56597024,-0.25016198,-0.0077402703,-0.5765712,-0.8852343,0.4970411,-0.67565125
1.64016,-0.14053717,-0.71290773,1.4211464,-1.5508281,25.617796,-0.117639795,0.24692647,1.5884858,-0.08624215,0.1497539,-0.858552,0.9829327,0.46812522,2.0937464,0.16682026,0.85642916,0.2715806,0.30091104,0.32553065
0.49278542,-0.77904415,-0.09977992,-0.04556924,-1.4950696,28.020351,0.67547184,0.37785038,0.73152596,-0.61903435,-0.59865177,0.34168932,0.7831292,-1.9681107,0.13072741,-1.1269078,0.1709491,-0.17786008,0.8238443,-1.0537192
-0.9017395,1.1017778,2.324833,-1.6082044,-0.18248646,22.135109,0.29241526,0.18485907,-1.3387219,-0.20726795,1.3773385,-1.2795092,0.4669559,-0.5724968,-0.40353093,2.8602839,-0.59477615,0.18105559,0.0965883,-0.82937974
0.31375924,0.48450807,-0.4813228,0.927719,-1.679621,36.653122,-1.4964201,0.40378413,-1.5521331,0.20878595,-1.2674625,0.03764209,-0.792045,-0.4394714,0.256393,-0.29951286,0.708018,0.7415003,-0.5185846,-0.08114924
-0.68903476,-1.0161484,-0.47137293,-0.72166365,-0.99367595,25.445608,0.76063377,0.18636058,0.36829126,0.04347246,1.0808313,0.47161716,-0.2578517,-1.2388021,-1.6304467,0.4808359,0.76477754,-0.6739622,0.3998897,-0.40039134
0.5491848,-0.4266797,0.45441982,-0.22534327,-0.8314333,35.96958,-0.8615616,1.4620044,-1.2371476,-0.060907908,-1.1597272,0.569349,-0.6281603,-1.3084393,2.3383493,0.35397682,1.7491385,-0.3937924,1.6840954,-0.56857175
-0.83196944,0.78261995,0.13677026,0.3509926,-0.24578246,25.731842,-0.49313372,-1.4581667,0.56231636,2.0817094,0.45322385,-2.2708201,-1.7866216,-0.7169178,1.1059731,-0.8784309,0.9743321,0.3146643,0.7157922,1.1986431
1.1282169,-0.119172744,-0.25170663,0.25422418,-1.4350773,28.378313,-0.52401716,1.3015585,0.8657617,-0.965358,0.6052796,1.2763239,0.3882333,-1.7024163,-0.29224813,0.37147734,0.040177274,-0.3411742,-0.6324375,-0.9568951
1.0293025,-0.9405316,-0.34713534,0.4879308,-1.9490755,37.37227,-1.490426,-0.08244467,2.2589355,-1.5142539,-0.27280352,0.25836918,-0.81476694,-0.93101853,-0.12676448,0.5377784,1.071251,0.053904254,-0.6829025,1.0069377
0.09077172,1.1579431,-0.26578128,-0.39358935,-0.64924103,30.950132,-0.5190717,-1.3796855,0.6967867,1.8713596,0.6728218,-1.6130306,-1.6464974,-0.48868057,1.2534316,-0.61735696,0.6552205,-0.8486992,0.54424614,-0.20263124
-0.79872197,0.8810536,-0.5483893,-0.18197782,-1.9457531,31.548393,-0.7186415,0.26438951,0.24927363,-0.38711983,0.75527924,-0.3486027,-0.29205623,-1.1650634,0.8799165,-0.7298761,0.006507125,0.60335857,0.058778062,-0.6298278
0.5581068,1.0550594,-0.48448148,-0.9072641,-2.0088742,35.932957,-1.4813387,0.92447996,-1.554537,-1.2829756,-1.395193,0.27557838,0.43742216,0.57166857,2.1516125,-0.9870271,1.0034198,0.1414047,0.18526803,-0.5941335
0.78547055,-0.7284685,-1.9935524,1.2041872,-1.7044781,32.382473,-1.1204053,1.299289,0.56219226,-1.3494278,1.8920103,1.3553779,-0.35712218,-0.32877514,-0.56743294,0.314767,-0.56773853,0.5975401,-1.0816514,-0.10347224
0.9352229,-0.16053975,-1.666672,1.4235103,-2.102605,27.085667,0.32091844,0.2617675,0.076358974,-1.0302672,-0.44820857,0.017803894,0.22107355,0.30760413,-2.0763283,-0.7244113,0.5459919,-0.07128066,-0.09669408,0.36090517
-0.9805757,1.1859674,1.8727721,-1.471534,-0.02724291,20.860554,0.61405873,-0.28323674,-1.7187155,-0.6762235,-0.5081214,-1.438127,0.2381353,0.08824736,-0.043539625,3.02516,-0.98897326,0.8857625,0.24549699,-0.98771197
1.2910905,-1.314722,-0.7038364,0.4649966,-1.8449229,36.393238,-1.4700322,0.29747987,2.5996108,-0.95745116,0.47131884,0.10388843,-0.23215985,-1.0290779,1.137796,0.32495728,1.2769841,-0.15126114,-1.5946928,0.8714349
-1.2552093,-0.43226093,0.33796173,-0.7064762,-0.69858927,26.047287,-1.2650146,1.3638276,1.0580873,-0.65344304,0.1653154,0.80915,1.0407023,-0.15081142,0.3555668,-0.14684568,-0.5420765,-0.71318054,0.9742571,-0.4171506
1.6542884,-0.822858,-1.4443215,1.2618746,-1.8114268,26.033457,-0.1898682,-0.3581676,1.4377905,-0.085228905,-0.025508761,-1.1792521,1.0122972,1.0124657,1.0838675,-0.1760208,0.926573,-0.26961252,0.029102419,-0.11090855
2.7127783,0.7535608,-0.58286095,0.17835051,-1.694787,26.471128,-0.79968643,1.3274425,-0.54408044,0.22491342,0.70009845,-0.30459666,0.78855366,-0.15806189,-0.8687596,-0.20788309,1.0827514,-0.4101145,-1.4561627,2.4145925
0.48500332,-0.27591476,0.6756623,-0.21356162,-0.48570547,14.551913,1.7034835,-0.4204879,0.6217071,-0.51517445,1.362432,-0.9564781,-0.9248264,1.1642547,-1.3095032,0.81039727,-1.6291146,0.41002214,-0.86384076,1.2158902
-0.8015342,-0.15748183,-0.89185345,0.961914,-1.3801872,14.870584,1.6499819,0.5410823,0.12156145,-0.60536534,-0.36159652,1.8202102,1.1897749,-0.83522767,0.6063888,1.6044817,-0.82094467,2.6728714,-0.75648606,2.3176582
0.7221031,-0.53941965,-0.28033632,-0.37209356,-1.9986827,33.540703,-0.9890172,1.0751127,1.0496173,-0.13194117,0.64475256,0.022210682,-0.07299655,-1.6751508,-0.015723059,-1.0213853,0.37923142,0.71105593,1.5593337,-0.6833456
-0.342794,0.47119537,-0.14691655,0.8037355,-0.97936285,17.269642,0.42846048,-0.7144056,-0.79635787,-0.4040348,-0.3121935,0.011920039,0.18436903,-0.21396227,-0.15215841,0.8124078,-1.3520685,1.2938348,-0.45616177,-0.20324357
-0.13535075,-0.8029768,1.5680584,-0.69522536,-1.4848627,31.907522,1.453512,-0.008799941,-0.5078788,-0.9022591,-1.6114312,0.58284897,0.8484306,-0.8884764,-1.4563719,-0.4579209,0.12602898,0.46475443,1.884201,-1.3546525
0.7845969,2.5301814,-0.5646931,1.487889,-1.0646085,15.713853,0.3731364,-1.8235137,0.21276334,1.1228639,0.82777095,-1.4927096,-1.61551,0.4085334,-0.3450994,-0.2214771,-1.4307717,1.9846447,-1.4221705,1.057824
1.0839474,-0.008102425,0.15353252,0.42775008,-0.5899227,17.235943,1.6918057,-0.53025675,0.01458003,-0.5299346,3.068392,0.02775668,-1.1330833,1.2788774,-0.70151544,0.67739415,-1.3339332,1.5264598,-1.4221264,1.6497227
-0.039224274,1.0843465,-0.0006249668,0.31658602,-1.0063664,11.725818,0.77152485,-0.5098035,1.2280895,0.3784244,0.4111736,-0.17939785,0.12601142,1.3086351,-0.9214713,1.1064736,-1.066916,0.99178493,-0.17844532,0.5780001
0.5132993,-0.9010544,0.77897304,-0.3512223,-2.6353402,38.13553,-0.44678015,0.07611865,-0.6760443,0.047252152,-1.4975828,-0.34917393,0.19141042,-0.10288009,1.0705087,-1.5932729,1.2293649,-0.007823642,-1.2403253,-1.3188937
-1.5217649,0.4168296,1.6622171,-1.3886399,0.7827209,25.568296,1.5529382,0.46903345,-0.9568203,-0.2984076,-0.19774504,-2.1532824,0.9085841,-0.16300608,-0.21102206,-0.058242705,-0.1766544,0.052740443,1.7600037,-0.8300959
0.24995136,-0.7925232,-0.9027759,0.9522395,-2.0221746,22.953983,-0.63533443,-0.41285777,0.6567675,0.3769217,0.38140264,-0.16909452,0.43935204,-0.37353408,-1.0533793,1.5881923,-1.2460394,0.12590677,0.2872752,0.82497144
0.71852773,-0.009738697,-1.4463923,0.48451856,-1.8507626,34.120872,-1.1840783,1.4273915,0.0018197318,-0.25334564,1.9693735,1.0098029,-0.53385705,-1.2923858,-0.07451848,-0.25413436,1.1422241,-1.4424295,-0.14424203,-0.2221405
-0.5259336,-0.7753463,-0.11126493,-1.1257563,-2.296589,34.52783,-0.74252903,0.43386143,-0.83546376,0.18702017,0.36919773,0.02312921,-0.12841152,-1.2361662,1.3362905,-0.14098436,1.5685312,-1.1098984,-0.3259788,-1.1124421
0.49070546,-0.24873081,-0.07198378,-0.35998604,-1.2052995,31.268774,-1.1017194,0.0145148,-1.369397,-0.95790195,0.34902543,0.63577336,0.83567387,-1.8466663,-0.41226986,-0.20466088,0.6937029,-1.0753105,-0.15095925,0.6943749
-1.3348657,0.7643584,0.7515345,0.0073033473,-0.4265152,15.238592,1.6647613,-0.9358251,0.33757237,0.0838618,-0.12506941,0.27719054,-0.496201,0.62832236,0.37166563,1.1762302,-1.1372044,1.2697344,1.2508388,0.41355082
-0.7515945,1.1025219,1.169361,-1.1026155,-0.41746423,30.211683,-0.49522254,-1.9251703,0.81136596,2.9125772,-0.4919551,-1.6769239,-1.0735497,0.08247662,-0.88101435,-0.7972077,0.5384086,0.5471217,0.8690843,0.027457206
0.68689144,0.09757033,-1.2330633,0.79784656,-0.79633003,16.559183,0.9292792,-0.21770024,-0.5044656,-0.8047521,-1.6654748,0.8113689,-0.3420688,0.5203636,-0.53847975,1.9591979,-1.3012371,0.547697,-0.6918826,1.0392157
0.36636978,-1.263612,0.3603968,-0.76944757,-1.8912613,32.45535,0.071999826,-0.20671882,0.8256897,-1.0063877,-1.7592642,0.391852,0.3834448,-2.4871974,1.3396714,-0.97059035,-0.4437525,-0.7178601,1.1999278,0.24678057
-1.0677555,0.7098487,-0.17039299,0.37443975,-1.6587768,16.941618,-0.054161403,-1.8652176,-0.024010353,-0.53940904,0.7216353,-0.9372655,0.4036794,-0.014278301,-0.7150681,0.689187,-1.538278,0.909973,0.35946125,0.10333118
1.3722177,0.22801362,-0.21857049,-0.122235835,-1.3448914,34.738075,-1.0785552,-0.35689247,0.10313282,0.6666765,1.2466193,0.48026246,-1.9372097,-1.642901,-0.37320697,-0.5032773,1.4082928,-1.4312738,-1.1100963,-0.8748521
0.98836344,0.53414565,-0.33671328,-0.014050316,-2.7612007,26.488564,-0.8189922,0.6792319,0.51962614,-0.43473327,-0.5800561,0.8266187,0.79367363,-0.9682393,-0.68458956,0.1547896,-0.1731038,0.37014115,-0.09587638,-0.703296
1.2950819,-0.4594042,-0.8708246,1.7672449,-0.0042584967,24.67249,0.6768924,-0.4359576,0.4286516,0.27163517,1.298298,-0.3667116,0.3152669,1.0316517,2.598371,0.674731,0.42366672,0.31655216,-0.38559484,0.38221717
1.1749763,0.6780558,-1.1813818,0.89561796,-2.1146307,30.959505,-0.70543486,0.25890732,1.7785279,0.98984414,0.9004356,1.4624678,-0.2006061,0.6701091,-0.73719275,0.032399222,0.22048838,-0.1911532,-0.6394518,1.0330784
-0.6892717,-0.9938349,-0.47990632,-0.6379067,-0.98734635,25.451345,0.78154457,0.16682814,0.38369405,0.010507735,1.0667924,0.45799124,-0.27496922,-1.2414329,-1.6519573,0.5144431,0.7662354,-0.5906275,0.3663608,-0.4402279
0.04393949,0.9483138,-0.23348264,-0.5007978,-0.61586034,31.026464,-0.43797955,-1.3480532,0.6236648,1.7070974,0.4101111,-1.6356685,-1.6840838,-0.44838333,1.5313072,-0.5990434,0.7085336,-0.86475587,0.36819673,-0.24589588
-0.33144748,-0.42576078,0.07748497,-0.3195446,-1.2965207,33.67114,-0.6395896,0.21463592,-1.3423866,-1.2362254,1.224854,0.45331526,-1.3739865,-1.0749655,0.5793564,-0.5530954,0.45174977,-1.057959,-0.45251548,-0.54343206
0.5644903,1.0909067,-0.71516407,0.17950265,-0.8159187,14.4659815,1.0830482,-0.11178948,-0.98381114,0.13972089,-1.1632359,0.9608351,-0.46005946,1.3043222,-0.71642387,2.2135503,-1.7910228,0.74481195,-0.4044177,1.883851
0.75151336,0.13518149,-0.66903704,-0.07554854,-0.9203743,13.774144,1.3666583,0.49374038,-1.1134056,0.06969839,-0.7399583,0.123159625,-0.88512963,0.976594,-0.2399127,1.0185004,-1.3090827,1.334192,-0.5394263,2.3471332
1.6779041,-0.9189143,-1.6303163,0.66743547,-1.977504,30.148193,-0.83599716,1.0703465,0.06546543,0.6179729,1.1697342,1.2918285,1.0381871,-0.16740304,-0.01514415,-0.11413974,0.744807,0.6343849,-1.5388656,1.7833877
1.3453777,-0.62018895,-1.2290783,0.57082814,-2.7250345,34.556034,-0.3138794,1.3280174,1.3445183,-0.15909062,1.016558,1.0035396,-0.30949643,-0.8784629,-0.14631867,0.32092938,2.363231,-1.1482252,-0.90602934,-0.38024503
-0.27596822,-0.31912476,-0.44838333,0.4491883,-0.6009539,13.164689,1.8800142,-1.7610115,-0.10041242,-0.19896239,0.7685115,-0.99996173,-0.36462376,-0.84396726,0.13885592,1.9096175,-1.759621,1.0020646,-0.48070794,0.22362663
-0.72355163,-0.14098403,1.8805985,-1.0566367,-0.5920334,26.412273,1.631868,-0.030676963,-0.7679452,-0.5346591,-0.75052327,0.47555068,-0.58660567,-0.9737589,0.36713514,0.56883496,0.35411128,0.50969225,-0.76016223,-0.8460392
1.6312308,-1.0360805,-1.586441,1.0391582,-1.9958717,28.75075,-0.8365771,0.98209786,-0.3051876,0.47737935,0.70027685,0.89008987,0.9766096,0.015092442,-0.14994925,-0.475398,0.5449834,-0.07660023,-1.7024555,1.8439531
0.002252579,-1.874764,-0.05184695,1.3912472,-2.461639,33.551865,-0.9244906,0.44575146,1.4772662,-0.18817644,1.3263688,0.88821375,0.055897843,-1.7115966,-1.989981,-0.36768973,1.3519157,-0.6868211,-0.23094778,-0.14150175
0.20222366,-0.83361846,-1.1030449,0.313532,-2.9239542,38.2295,-1.6575712,0.12762992,1.3138837,0.009092676,1.1029925,1.7824119,-0.95182514,-0.45499972,-0.2618942,-0.60555017,1.0166175,-0.9107845,-0.78931904,0.38553596
0.8649251,-0.6965157,-0.8098222,-0.03178121,-1.6350418,26.920599,-0.15002124,0.21025646,0.32434538,-0.670777,0.22785363,-0.007589089,0.25155586,-0.09220573,-1.2594512,-0.30774578,-0.2653822,-0.024759747,0.1564962,-0.72487855
0.94285303,-0.5165562,0.6324099,-0.7789229,-1.6269975,40.72023,-1.6453696,0.96412975,-0.27362898,-0.5175967,-1.586949,-0.4762964,-0.2413111,-0.079262644,1.2951419,-0.7480093,1.040498,-1.818047,1.3172733,-1.0728097
-0.4012225,0.249851,1.4008029,-0.7440984,0.80346215,28.615885,0.56523347,-0.866389,0.30109408,1.163598,0.5690302,-1.2849884,-1.8515291,0.28137326,0.57371354,0.016991409,-0.4448153,-1.9728171,0.12186267,-1.0678179
0.734469,-0.17342743,-1.1084869,1.1717299,-0.67983866,15.651329,0.8293457,0.24953298,-0.7119985,-0.11715476,-1.3547635,0.82593805,-0.17199302,0.12494939,-0.85523224,2.222119,-1.3862326,0.6777258,-0.6300309,1.4393919
0.68970865,-0.15565066,-0.85999256,1.3040894,-0.618282,15.778667,0.77114296,0.16140623,-0.84956515,-0.16080499,-1.2227802,0.98626584,-0.5420273,0.06896652,-0.99905694,1.7845026,-1.4792242,1.076856,-0.6527033,1.3181094
0.63784814,0.21543922,-0.6917723,-0.06505258,-0.9536279,13.832237,1.3619832,0.3816762,-1.2450606,0.045197982,-0.72205776,0.15330702,-1.0452013,0.8811417,-0.25438544,1.0437083,-1.3400897,1.5238701,-0.56608766,2.3840861
-0.4320919,-0.04548014,-0.30093417,1.2186202,-0.87568253,15.485001,1.8193755,-0.31068003,-0.7319452,-0.050680045,-0.52734345,-0.84355706,1.1054469,0.097423874,0.19514807,0.26454157,-0.9961745,0.8115308,0.5631044,1.6510906
1.1209569,0.3185565,-0.45577058,0.13807544,-2.1553516,26.830366,-0.92806876,0.5378654,0.089272685,-0.5069873,0.0030197399,0.6767872,1.3458447,-0.92773986,-0.5010507,0.047562916,-0.37605765,0.5158825,0.0054385406,-0.7774539
-0.6767063,0.10421559,0.91646254,-0.106145546,-0.27795184,31.063528,-0.91538405,-1.2821527,-0.7091914,1.7315329,0.16607551,-1.2273659,-2.2696877,-1.1527698,2.4721596,-1.349751,-0.50307614,-0.7511056,-0.052831184,-0.5665377
0.48724434,-0.43404138,-1.9683982,1.5016584,-2.1631577,26.40784,-0.5674903,-0.7293572,1.7863214,-0.12566331,0.10688995,-0.69872576,1.7584099,-0.1346899,0.49671766,-0.46014863,0.5568396,-1.3702232,-1.226152,-0.32266408
1.196866,0.08468234,-0.44762853,-0.80084884,-2.1599276,27.355656,-1.0132763,-0.23355119,-0.80998075,-1.2542038,-1.329822,-0.38838032,-0.3256657,-0.98508143,-0.72097087,-0.16646357,0.17906603,0.5003049,-0.22801954,-0.8888777
-1.0004762,-0.3058388,0.14742546,-0.7386348,-0.4892866,25.306648,0.02901886,1.6316855,1.0461823,-0.22389853,0.73712945,-0.49659547,0.89607483,-0.46741235,-0.15894456,-0.22326623,0.49644604,-0.8618076,0.27453145,-0.13136193
-0.7625902,0.47821343,-0.06388004,0.87716985,-0.85358614,16.045607,0.48492938,-0.42844853,-0.48223847,-0.05884051,-0.8702296,1.1835399,1.0538543,0.30281755,0.33327052,1.6680824,-0.6580229,1.4544142,-0.68629014,2.625786
1.1132637,-0.25860006,0.49620035,-0.32029182,0.039326202,27.373243,-0.4004224,0.8459159,-0.5597551,-0.48406896,1.2275597,-0.9653073,0.5817918,-0.4317558,0.90934885,-0.603663,0.5713868,-0.47334197,-0.14184304,-1.0520412
0.5523812,-1.277073,-0.27567956,0.20585236,-2.4781733,35.382412,-0.60346115,0.024686418,1.8923807,0.03069228,1.890566,-0.2439829,-1.1335719,-1.9357829,-1.0027279,1.0535723,1.0338767,-1.2528586,-1.6260856,0.063272834
0.82688344,-1.2155395,-0.9875741,0.56735504,-1.6136019,36.061256,-1.4836808,0.32118437,2.3106725,-0.4184049,0.30465844,1.3073878,0.5683139,-0.67070127,1.5416505,0.7725845,1.4342678,-0.33616605,-1.0269125,0.40147266
0.83066916,0.8840703,-1.6404052,1.506164,-1.8508722,25.981968,0.50468224,0.30091918,0.6668584,-0.5961245,0.37216228,-0.044231605,0.5401778,-0.85687816,-0.5507712,0.078535385,-0.390213,-0.10028522,-0.70838195,0.6889847
1.374571,-2.5289268,-1.2072272,-0.014097271,-1.7994164,35.548294,-1.1019859,0.96607155,1.0600731,-0.1424456,0.33364233,0.07917019,-0.23089154,-0.9430392,-1.1702284,-0.16653377,0.19119084,0.3492877,2.2381542,-0.3078459
-1.1665803,0.18206263,-0.2147133,-0.99286205,-0.4315252,26.74792,1.356984,-1.6419384,0.13698025,0.6161027,0.31623274,-1.3607514,-1.8027557,0.24818264,0.9071236,-0.020555766,-0.059546307,-1.0638472,0.11396179,-0.016085023
-0.74001604,0.59585494,1.5705944,-1.7963493,-0.47863123,21.764498,0.5015324,-0.24195087,-1.2734605,-0.46267873,1.686805,-1.1713884,-0.027718997,-0.32624587,-1.0108879,2.0363584,-0.37688452,0.79694283,0.13066182,-1.0526321
-0.07523807,0.14621341,-0.34650344,0.57879287,-0.83100414,16.761818,0.7563296,-0.8807219,-0.7708583,-0.8581083,-0.42315674,0.16932821,0.27869502,0.28683922,-0.63001966,0.78786516,-1.422197,1.2292571,-0.5496112,-0.20268998
0.97984123,-1.5972364,0.008464085,-1.3560115,-0.40539327,32.499203,0.3646721,-0.5612442,-1.337012,-0.28867254,0.013173953,-0.49196118,-0.020370504,-1.8564303,1.5037553,-1.1161962,-0.54736924,0.7297654,3.3007526,-1.6703793
0.13270958,0.3316263,-0.42708856,0.84648526,-0.9023326,31.854677,-1.0470836,0.81676173,-0.23638575,0.27122632,0.12054822,1.8031058,-0.49711034,-1.3825223,0.7623339,-0.5230909,1.1507754,-0.6555287,-0.45303273,-0.1195838
1.6957781,-0.2019881,-0.59622455,-0.16105458,-1.4951898,29.398678,-0.8785126,1.6415106,1.4252279,-1.0547769,0.3307951,0.35413992,0.63040996,-1.2981237,-0.7191711,0.53259563,-0.031572968,-0.5855015,-0.41273803,-0.5926092
-0.48415935,-0.3539142,2.1133387,-1.6250933,-0.7875683,29.177835,0.64374965,0.649456,-0.36835498,-0.13336325,0.04915224,1.6522218,0.86997145,-1.0053052,-1.4966975,-0.13531908,0.6089944,-0.24565318,1.2731502,-0.97242725
-1.1401201,-0.7276786,-0.85547096,1.1090674,-1.0644987,17.11176,1.4045365,-1.296633,0.9288099,0.53636205,0.6809535,-1.7635769,-0.40902475,1.2495348,-2.014235,1.4431187,-1.5756232,0.62995696,0.0379846,0.8207732
-0.87729883,-0.8129201,0.72358286,-0.71543884,-0.6156403,30.231941,1.006807,-0.948291,-0.41357526,0.6774488,-0.65921557,-1.6475053,-1.5613251,-0.89000607,1.4219652,-1.2180291,-0.3521259,-1.8316654,-0.85554177,-0.8293981
-0.6889436,0.47339782,2.1873136,-1.3756561,-0.01865719,26.191261,0.55279726,0.02238086,-0.27420628,-0.4529893,0.08980743,0.11520469,-0.17509067,-0.431277,-1.0822161,-0.22803979,-0.655633,-0.92012316,0.5380751,-1.7937584
1.3075598,-0.8229481,-0.04546733,0.08923837,-2.102763,27.020433,-0.6010256,-0.5897012,0.47538102,-0.41899854,1.271551,1.5372645,1.4487023,-2.1405308,0.71822006,-0.13019326,-0.59138596,-1.1421865,-0.7114778,0.5829654
-0.72141266,-1.5947895,0.7584702,-0.8263006,-0.26984078,29.28627,0.7647197,-0.3057334,-0.40166175,1.0498666,-0.38310832,-1.9748378,-1.8193034,-1.1235902,1.153992,-0.3198555,0.0059215096,-1.6128714,-1.5353023,-0.3932766
-1.4666055,0.37471518,1.3669255,-1.5811211,-0.23286705,24.09206,1.9960014,1.0477676,-0.76916784,-0.4521055,-0.8764948,-1.0937916,0.35534993,-0.047014583,-0.020397747,-0.12024835,-0.29221508,1.1905804,1.8101501,-0.12774968
-1.1286956,-0.0873705,0.22179577,-0.7444801,-1.1482105,32.431538,-1.0341582,-0.7669133,1.1446218,2.6810608,-0.45626122,-0.93363404,-1.6497196,-0.11240533,2.320061,0.62105507,0.6841342,-0.010195516,-0.13581467,-0.44382063
-1.9035429,0.49266604,1.6127065,-1.0170213,-0.10334209,24.639631,2.2621882,0.9046911,-0.5710985,0.2547793,-0.3875411,0.12502272,1.1379418,-0.37153158,1.6097199,0.8195852,-0.35693115,0.44912818,1.0985742,-0.12376959
0.9466244,-0.63419557,-1.8609228,1.2661797,-1.5253834,31.59466,-1.002043,1.1950456,0.63512075,-1.2233356,1.7667102,1.6154312,-0.21416675,-0.20857479,-0.37600794,0.078269765,-0.4664288,0.20378585,-1.4609102,0.18938649
0.9636958,-1.8935688,-0.98045254,0.82451564,-1.6309912,35.263702,-1.4720827,1.1614695,0.88122064,0.6604119,-0.10054259,0.28615612,-0.53968006,-1.6025263,-1.720521,0.5316002,0.45350173,-0.21958415,1.8166801,-0.28813705
0.13948354,0.8716917,-0.08061402,-0.011763713,-0.9754346,33.21599,-1.3179927,1.5358908,-1.161875,-0.74861145,-0.5639868,-0.38143927,1.6411284,-0.7174556,1.378129,0.051536452,1.4508513,0.055609036,0.3227661,-0.15246482
0.009092404,-0.54615027,-0.59458077,-0.6980334,-1.6372912,26.15445,-0.85963845,-0.20017841,0.39229345,0.13210073,0.57717675,0.80086565,-0.40933898,-0.76809126,-2.0288782,0.14027604,-0.4442473,-1.3665783,-0.62945086,-0.75497216
-1.300519,0.8156192,1.7731649,-0.620368,-0.31942138,21.531094,0.7322011,-0.9479135,-1.1510152,-0.042216145,-0.085109405,0.058970045,1.8915564,-0.78438747,-0.26225755,1.6526797,-1.0018208,-0.9937796,0.98137045,-0.8848423
1.305237,0.0008418144,-0.61923337,-0.8654477,-1.9077725,33.889164,-0.6624359,-1.2404933,0.9564878,1.2661366,0.9715464,0.44950998,0.03439134,-0.9933134,0.71531,0.6334841,0.45210198,-1.8351287,-0.85122126,-0.84048045
0.52833855,0.63136506,-1.0505574,1.3897734,-0.89252865,21.813992,1.4026117,-0.66337115,-0.8729511,-0.96105313,-0.29105416,0.526212,1.6507094,0.37875053,0.6720226,0.6105587,-1.2927977,0.7551696,0.75032914,0.12105904
-1.4150759,0.10469676,0.18906611,-0.8176891,-1.276621,32.443226,-0.24645752,-1.0852063,-0.6926858,3.3322306,0.82245207,-1.6835313,-1.6398494,-1.139211,1.2812191,-0.981716,0.22989558,-0.61319345,0.33151203,0.8326908
0.32362008,1.0211321,-0.8216657,1.2639297,-0.9439317,14.762499,1.1359751,-0.94882786,0.54881537,0.011268387,1.0542816,-0.6518512,-0.65425235,1.4461536,-0.71962905,-0.39654547,-1.2350963,2.0868924,-1.3219839,1.7976216
-0.50110656,-0.06646387,-1.1406851,0.4966516,-0.5571971,16.147543,1.3781724,-0.34478405,-1.4866511,0.1967499,-0.19195592,0.9051398,0.08936332,0.6789359,-0.25710577,1.8074414,-0.97210187,1.2692577,-1.0530236,2.1240718
-1.6919683,-0.28265718,2.798105,-1.4945283,-0.377162,24.727917,2.0494018,0.5906778,-0.8661123,-0.34610087,0.26129377,-0.45447174,-0.75745815,-0.16228415,-0.98860455,-0.040998958,-0.61091334,-0.37629762,0.89038855,-1.6251779
-2.0311856,0.50462025,1.4949132,-1.9916282,-0.38972637,19.174376,0.53952426,-0.059281528,-0.8183607,-0.5824888,-1.6705279,-0.76092106,0.7954336,-1.2658682,-1.0724579,0.08876362,-0.22146717,0.0056182644,1.8484768,-1.5056655
-1.2316291,0.46487826,0.14307722,-0.32421324,-0.73017275,31.128675,-1.082635,-1.2216904,-0.3469248,2.0753672,-0.35180107,-0.4839727,-1.8254154,-0.8991631,1.9807353,0.7037581,1.3557205,0.7372345,0.3540433,-0.25344628
-0.42587006,0.32114083,-0.062426,0.57050323,-2.375964,35.506348,-0.9247951,0.9458824,-0.8023757,-0.81901675,-0.006321541,1.4330714,0.09535562,-0.2546136,1.1425406,-1.5570071,1.7850206,-0.2765434,0.62780935,0.55988854
-0.058817998,-0.5977705,-1.281618,0.66785854,-1.1847852,15.230626,0.8924846,0.08851951,-1.2653352,0.19361344,-1.6189374,1.5890672,-0.77295256,0.87790734,-0.15934257,1.7117186,-1.0779067,1.134239,-0.5684851,1.5800191
-1.2346377,1.1361262,0.8651463,-0.72558004,-0.83424664,29.98204,-1.124076,-1.6634296,1.0205654,2.5052493,-0.16401072,-1.6175818,-1.7529485,-0.4218346,-0.3546152,-0.1487379,0.35442594,0.39198416,0.69544435,0.47998416
-0.535738,-0.99730814,-0.7336921,1.3204483,-3.1480558,33.11492,-0.7498036,0.7053935,2.2214475,0.29846838,0.5634751,-0.5209541,-0.08521982,0.059352763,-0.21402773,0.4083889,0.93134326,0.6482477,-1.5820836,0.3521712
-0.7373724,0.36756232,1.8769684,-1.2459735,0.24669369,22.315271,0.9722106,-0.5921891,-1.8078464,-1.27083,0.040580075,-0.94640195,0.3735509,0.24008517,-0.22542448,3.3609483,-0.8129475,1.1177735,-0.14665577,-1.3338019
-1.259686,-1.1450219,-0.40995392,-1.089635,0.014998928,27.161543,0.5180938,-0.03930879,-1.0778407,-0.26495054,-0.7659627,-1.2752059,0.4556734,-0.20480219,0.78974885,-0.30471584,-0.703488,0.054962415,0.9850647,-0.8055638
1.6147358,-0.1504659,-0.8764913,2.1090732,-1.3493912,19.38894,2.039365,0.079227746,-0.5177348,-0.65380913,-1.1229312,0.9147619,2.1220648,0.3773553,0.5688445,0.5559486,-1.4442911,1.1903319,0.0330833,0.30432525
0.400661,-1.137371,-1.4847628,2.6856432,-2.8157704,26.737118,-1.1377921,0.54450613,-0.2245883,0.4742024,-1.4162446,0.61296964,0.0330079,0.78003883,-0.5615684,-0.34434244,0.54704046,0.7425059,-0.61677325,1.6912105
1.3801292,0.2990202,-0.26181424,-0.71774036,-1.7413381,27.92861,-0.9987448,-0.2520387,-0.7450811,-1.4786009,-0.8971874,-0.5216197,-0.24407992,-0.87889516,-0.5702634,0.1319103,-0.21050258,0.7948846,-0.20009954,-0.8239427
-0.07740264,-0.9680225,1.1176004,-1.7607386,-0.809106,32.975388,-0.49318027,-0.07160535,-0.73503083,-0.9416476,-0.8129735,-0.48467577,0.23686081,-1.4583179,1.5964292,-1.4369272,-0.64983654,-0.0647663,3.20282,-1.2508177
-1.9139664,-0.6187922,1.6793146,-1.1289028,-0.5329435,26.056421,-0.48388714,-0.31494188,-1.1218642,0.42675555,-0.38701454,0.94981796,0.10712975,-1.8778964,0.6911891,-2.0211987,-0.39774773,-0.64904314,0.6180252,-0.54508376
-1.6033726,0.921496,1.4310588,-1.9884964,-0.09759488,19.443462,0.5628702,0.12317642,-0.90425974,-0.3824662,-1.4985256,-0.35358724,1.064296,-1.0987327,-0.9739411,-0.12270976,-0.12725283,-0.20291466,2.382097,-1.6104604
1.310073,-0.85829854,0.052610304,0.10618417,-2.2224483,27.266254,-0.5844424,-0.43664783,0.42184934,-0.4337502,1.1986196,1.5837624,1.5684973,-2.0158436,0.88233656,-0.06753115,-0.5920184,-1.2364181,-0.57535547,0.58632636
-2.4031813,0.7503071,1.6307625,-1.2914337,-0.7891376,23.486511,0.67364633,0.08340782,-0.72247785,0.0119823245,-1.059165,-1.4088384,-0.53665924,-0.6537589,-0.7388157,0.15734588,-0.6909794,-0.43057856,2.4990351,-1.4494568
1.1205899,-0.20736048,-1.4204422,1.3861661,-1.9788357,27.631891,-0.3731219,0.46905145,1.0866579,-0.25191984,0.75932276,-0.07757074,-0.45033908,0.13435023,-0.7301383,-0.028803242,0.10452499,-0.53672373,0.09609595,0.5185364
0.25980034,-0.048621234,-0.4476314,0.116573095,-0.89813495,18.606897,0.6805691,-0.009704302,-1.2762805,0.51530814,-0.54941386,1.0779849,1.2329897,-0.7112782,-0.14406765,0.6717276,-0.67730415,1.1669899,0.33401987,0.9243346
0.16604944,0.43672135,-0.21776201,0.937908,-1.1544585,15.122103,0.7658779,-1.2661724,-0.49896792,0.40813982,-0.8037085,-1.2440118,0.6906981,0.25501198,0.44544858,-0.62404704,-1.0073835,0.9795107,-0.19091722,1.1597924
-0.027113035,0.21320611,0.24628356,-0.26483652,0.1136949,31.040606,-0.2706091,-0.76724225,0.62203246,1.3718858,0.5104835,-1.1435649,-2.2831838,-1.294805,1.081753,-0.28533766,-0.032613497,-0.5871333,0.69027704,-0.071509704
-0.7939927,-0.64656204,0.8546181,-1.5722946,-0.79796606,28.23826,-0.17333657,0.47642016,-0.19878025,-0.08195604,0.05490066,0.059654225,1.2594388,-0.87166345,1.240818,1.6883757,0.31392127,0.42490497,0.579627,-1.7290143
-1.0413201,-1.1623781,0.15048978,-0.15008327,-1.3622023,27.305077,-1.6325524,0.39150834,1.4569759,-0.4732367,1.1124519,0.92870355,0.20891093,0.20460369,-1.4435623,-0.22123362,-0.7114807,-1.1575124,-0.5562269,-0.3666288
-0.22417733,1.5505891,-0.46129918,0.22788256,-2.5982082,33.57285,-0.7156993,0.5090202,-1.3013693,-1.5292612,-1.0442353,1.0559471,0.41460615,-0.47150317,0.6156746,-1.6891972,0.9367523,-0.1399704,0.68026745,0.0136089735
-1.5781531,1.2077951,1.0990934,-1.6098996,0.39374062,26.834522,0.67838955,-0.49251252,-1.2869741,0.041603077,-0.22758956,-0.5356814,-0.45879245,-0.35577857,-0.48704112,1.1013174,-0.5173537,-0.41170314,-0.23566055,-1.0563016
-0.18108025,-0.82025754,-0.08465498,-0.81198514,-2.4389038,32.008614,-0.27637926,1.1082336,-1.1011263,0.13777503,-0.05269307,1.9021384,-0.5037921,-0.5117515,1.6941512,-0.81244195,0.5892386,1.033879,0.37650076,0.010329875
0.35562906,0.1204338,-0.67879283,-0.32942712,-0.638508,33.444717,-0.6879001,0.6552712,-1.1226337,-0.5821293,0.9573432,0.9995588,-0.40359378,-0.5779443,0.3470992,-0.76572835,0.02153772,-1.5156097,0.23017897,-0.3683204
2.3261561,0.32633224,-0.55178434,0.50312746,-1.8756242,26.791752,-0.9288516,2.312408,-0.80571014,0.063403174,0.68992543,0.021678833,0.69937164,-0.026714727,-1.0225431,-0.34093174,1.6524088,-0.49002254,-1.4483072,2.3692317
0.42519122,-0.93319243,0.72898364,-1.2129678,-1.731653,35.20688,-0.92151946,1.0602416,0.9119558,-0.487427,-1.0885624,0.42467162,0.66119576,-1.4825087,0.6794621,-0.59812075,0.06371627,-0.42515665,0.5772003,-0.15708649
0.7843235,0.4006144,-0.9632796,0.19467784,-1.369777,34.129112,-0.615701,0.12555078,0.991775,0.90475166,1.5637456,1.5776986,0.47849166,-0.5939015,-0.5555818,-0.1671061,1.1849074,-0.9935257,-0.49713826,0.43910053
1.5230808,-0.09021014,-1.5450764,1.2423702,-2.0994692,26.610031,-0.45875865,-0.18926778,1.2736553,-0.3192933,0.47739196,-1.3250102,1.9528213,0.83295256,0.87733984,-0.5326181,0.5255834,-0.8960665,-0.49825704,-0.0021116044
0.5448847,2.2255595,-0.19639534,1.3177484,-1.0928941,15.934341,0.69122297,-1.6956091,0.16973598,0.7572618,0.7974562,-1.5111179,-1.5227854,0.34576008,0.09782886,-0.37258345,-1.311992,2.0432732,-1.3563174,0.9172579
0.96483976,-0.06598787,-1.7726085,1.1809455,-2.0363774,27.388544,0.77144516,-0.018014913,0.16546296,-0.9745245,-0.7424742,-0.27203578,0.12227686,0.27660042,-1.9400948,-0.69057137,0.39626437,-0.08530668,-0.29512993,0.26405758
0.1479155,2.0620105,0.19367325,0.990311,0.087321185,12.654064,2.7441065,-1.7228563,0.8763615,0.58291763,0.10985844,-0.8613919,-0.5210494,0.5467628,-0.58141613,2.8673778,-1.3733823,0.79709995,-0.33847803,0.7389207
-1.1216248,1.6455884,1.9618324,-1.7614249,-0.5369019,30.040714,0.47665074,-0.08527733,-0.60222816,-0.5557959,-1.7557845,0.42229947,2.086586,-0.9616866,0.39960778,-0.34380615,0.78238845,-0.5803938,3.3648982,-1.2182811
-0.63346565,0.5270875,0.13621797,0.38880032,-0.70344305,29.37385,-0.89757085,-0.69818217,1.112679,2.3075526,-1.2460712,-2.100689,-2.3685467,-0.0467641,0.62687343,-1.3840886,0.30381155,-0.38180083,0.03887457,0.30856162
0.15470882,-0.24198657,-0.09038905,-0.7140334,-1.704623,18.988386,0.741197,-0.20885701,-0.7603392,0.64872223,-0.8044338,-0.7461703,-0.11621581,-1.0423019,0.65483266,1.4538276,-1.1782433,0.6573292,0.6844252,0.09944815
-0.81160104,-0.73044777,0.80107975,-1.700959,-0.5939236,28.703003,0.23985028,0.5533691,-0.25901878,-0.009083169,0.32738182,-0.39874744,0.42746958,-1.0906862,0.9123592,1.0806332,0.35263324,0.15829158,0.25735167,-1.900625
-0.8358769,-0.8069858,0.79724884,-1.0276757,-0.65821886,27.270613,-0.41392413,0.5915584,-0.46251532,-1.3964796,-1.9749082,1.7630454,0.085960835,-0.74615777,-1.5893619,0.915955,0.117598444,-0.37788236,-0.33531547,-1.2316937
1.1301339,-0.16050756,-0.27005163,0.3047973,-1.4374901,28.4145,-0.57372105,1.2149016,0.87701863,-1.0411493,0.486788,1.3089854,0.36157474,-1.6265943,-0.3888623,0.26665324,-0.008023573,-0.38949946,-0.60620064,-0.971443
0.9707145,0.45279232,0.12370425,-0.23497815,-0.9234565,26.052055,1.0388782,-0.45585254,1.5265746,-1.6931282,1.7437876,0.48491922,-1.2366694,0.48987564,-0.8995968,0.61225295,-0.40125397,-0.70811707,-0.5709739,-1.4900668
0.5651464,0.5686919,-0.6282799,1.5514909,-1.5827769,15.355259,1.7553365,0.38853985,-0.9219373,-1.524304,-1.4760492,-0.36326432,2.0933506,0.25063613,0.21926996,1.4582787,-1.5236284,-0.062511146,0.028360367,0.07988106
0.23666562,-0.8020136,-1.7521533,1.6773146,-1.8728894,25.748405,-0.99155563,0.5037919,0.14520267,-0.29090902,-1.592427,0.7171081,-0.11310032,0.8089046,-1.797714,-1.1531887,0.4835731,0.21013317,-0.5387255,1.7149731
1.6468363,-0.82730836,-1.5705767,1.0190344,-1.7951406,29.48316,-0.8342906,0.7256922,-0.5883752,-0.5181168,1.3660021,1.1513457,1.4962667,-0.10238248,0.61387223,0.1117947,-0.37954354,0.35520244,-1.7483768,0.70273155
0.8739576,0.27329612,-0.52675253,-0.5053185,-1.211419,32.299133,-0.91605705,0.37123716,-0.14152937,-1.0027348,-0.5155309,-0.031048996,-0.49085212,-1.008662,0.13237627,0.72609794,0.38930446,-0.7046013,-0.0014478173,-0.6507073
1.0652095,1.1110538,-1.4619938,0.67331356,-0.8824359,15.814044,0.89411336,0.9005543,-0.5522009,-1.0498031,-0.92555046,0.09738908,0.53305894,0.4356136,-0.0027984036,2.0331235,-1.6551605,-0.12494319,-1.4024154,0.47155088
0.5859333,0.13487427,0.7958975,0.63267267,-0.5854165,16.40872,1.6837236,-0.24809201,0.7201368,-0.75017166,1.9785684,0.1850506,-0.8321809,0.53936183,-0.9934684,-0.026380416,-1.6319222,0.3585943,-0.7296372,1.2016072
0.32842302,-1.1270962,-1.2008314,0.4883968,-2.9982848,38.694283,-1.4776419,0.26281846,1.2547492,0.029170975,1.0592953,1.9634916,-1.0314904,-0.45790052,0.097527,-0.4718368,1.3418232,-0.9042823,-0.76038885,0.30379775
-0.3154394,-0.5558073,-0.5932587,0.57985514,-2.4773605,32.252987,-0.6875875,2.2971132,1.3681904,0.72695196,1.3418951,2.10333,-0.1090687,-0.64371395,-0.19398612,-1.2522074,1.030907,-0.26696244,-2.0304291,0.10599478
-1.3565214,0.8399638,-0.350189,-0.21775794,-1.2519555,15.761157,1.5137196,-0.7528703,0.46263576,1.1717916,1.4559433,0.11521315,-0.8688984,-0.5227588,0.5997474,2.0048103,-1.4197353,0.51206136,0.78490734,0.68841225
-0.58292264,0.415363,-0.48441043,-0.47689942,-1.6485488,33.37503,-0.21122445,0.9068841,-0.5505391,-0.19493218,1.0949086,0.19324641,0.8551055,-1.1228086,1.78093,0.12755351,0.24322873,1.6813209,0.45363548,0.113449916
0.80478245,-1.6667514,0.55252576,-1.3173084,-0.89577454,32.64168,0.053453375,-0.4213072,-1.022253,-0.39193258,-0.066039935,-0.5589874,0.17635217,-1.3850838,1.6487931,-1.0414933,-0.7288768,0.36380878,3.1940882,-1.7641963
0.4406568,-0.41364476,-0.5163796,0.9352869,-1.608096,19.62161,1.17069,0.45875326,-1.3793174,0.7640068,-1.3311282,0.21216477,1.8932687,-0.6422704,2.0183752,0.54014426,-0.7751577,2.1024091,-0.08515122,-0.16906714
-0.47238737,-0.91344,0.9708515,-0.08510137,-1.1855452,32.696686,0.6578726,0.28330228,-0.8066071,-1.0634665,-0.86543494,0.7887246,0.50594735,-1.4240146,-0.9665326,-0.40120202,-0.3024364,-0.21988285,1.0847812,-1.0864637
0.5399435,0.05185188,-0.3943883,-0.19231853,-2.1653752,28.18258,-0.60931176,1.5825487,0.20578085,-0.40524232,0.25584227,1.223297,2.0662534,-0.5690987,-1.4922194,-0.6344603,-0.7629648,-0.36098278,-0.1056513,1.1910902
-0.31274453,1.3223399,-0.46262425,0.8759506,-0.61679184,12.018002,1.7297962,-1.3072219,0.2860273,0.2911438,0.6336024,-0.43027753,-0.7526988,1.0602103,-0.9463566,0.9328566,-1.140049,2.1559477,-0.8218925,1.6537482
-0.43040302,-0.25613624,-0.43115655,-0.10588781,-1.677116,29.450272,-1.0585548,0.58119416,-0.38350093,-0.71334785,0.8369456,1.9785552,-0.60958606,-1.2262658,0.6240771,0.71496475,0.6631961,0.12302157,-0.37768412,0.33431816
0.86886156,-1.8874625,-0.5808086,0.28756547,-1.9873497,33.903675,-0.9558813,1.3284643,1.6087683,-0.7964705,0.7428059,1.2902226,-0.12305159,-1.4047974,0.15705226,0.71882504,2.2355704,-1.0085971,-0.028073756,-0.29215387
0.4724314,-0.5156947,0.5756168,-0.33703896,-1.1696553,36.240177,-0.59522045,1.5578941,-1.2226523,-0.3076698,-1.2359519,0.5248697,-0.54273033,-1.6565971,2.3934212,-0.0982829,1.8760974,-0.13809027,0.6134019,-0.68024844
-0.43141022,-0.23818885,-0.99426484,0.50391835,-0.9095483,15.906974,1.3906045,0.42976367,-1.6304876,0.5565371,-1.0822545,1.116523,-0.8907772,1.2130916,-0.4674988,1.9201461,-1.3367007,1.1158491,-1.0423187,1.7675467
0.8616868,0.2432358,0.33294836,0.33048132,-2.140647,25.062187,0.23471846,-0.10179023,0.059823066,-1.1771814,-1.782299,1.5923964,1.2041817,0.8156692,-0.777445,0.2074347,-0.6908473,-0.55957407,0.04260113,-0.445644
-0.050275553,-0.74312663,1.7264386,-0.747098,-0.8033217,30.497808,0.67453915,-0.3215271,-0.5347075,-0.3617062,-0.29689062,1.2484643,-0.40512836,-0.8774389,-0.593856,-0.8059747,0.015757734,-0.87421954,0.8384689,-1.8115964
0.08706091,-1.1969118,0.19949785,-0.91430813,-1.9763944,33.957344,-0.7779345,1.4377635,-0.5622703,0.39701283,-1.1385378,1.1873589,0.12667947,-1.683605,1.2032225,-0.8669182,0.060661525,-0.6837915,-0.49913254,-0.25591326
-0.017622989,0.92879725,-0.21701552,-0.779486,-0.5914975,30.242062,-0.15989852,-1.116244,1.1858991,1.8006401,0.49556828,-1.7576985,-2.1284862,-0.5820529,0.57626593,-0.8960715,1.0338907,-0.54491746,0.18636957,-0.05646812
-0.861287,1.345492,1.538332,-1.864694,0.48065984,26.9854,-0.0553854,-1.5267054,-0.71027213,-0.25544363,-0.25716415,0.25983647,-1.0226372,-0.306339,-1.285709,1.2144756,-0.57213235,-0.23118575,-0.922267,-0.05140966
1.2344204,-0.5938413,-0.034818094,-0.5235617,-0.04270116,37.07759,-0.7388011,1.380861,-1.7224188,0.1495089,-1.2028583,-0.54898447,1.1045116,-1.0786593,-0.22353631,0.43300486,0.92333746,-1.1608379,0.93215877,0.69031817
1.8474659,-0.98570246,-0.800705,0.72776264,-1.6718984,36.92675,-1.3436748,1.0970074,2.2914581,-0.683113,0.18709438,0.4493658,-0.643428,-0.73792917,0.8797077,0.16024429,1.3093354,0.07741279,-1.2597516,0.8595191
-0.5849383,0.080041885,0.854476,-0.62118626,-0.66718626,31.34669,-0.6080848,0.82528996,-1.2838452,-1.7412934,-0.8310466,-1.0626342,0.3313389,-2.0061872,-0.39924803,-0.072922595,-0.69129336,0.7528408,2.0961537,-1.5043288
0.017369235,-0.945418,2.3146281,-1.5296801,-0.76845866,28.200832,0.15667754,0.29534116,-0.49202654,-0.34634188,-0.00019756038,2.2503407,0.8955521,-0.66564775,-1.1386774,-0.35588863,0.33083558,-0.36602464,1.8422042,-1.2186701
-1.0914686,0.14095731,0.37762827,-0.68745196,-0.3121449,23.987719,0.14777477,1.8985852,0.6614714,-0.06748713,1.2968302,-0.23602633,-0.044152252,-1.045318,-0.22173859,-0.28971973,0.9862814,-0.69067204,0.24629255,-0.38535658
0.2170722,-0.9737898,-0.513475,-0.5960911,-1.7598554,25.651525,-0.6622326,0.037861064,0.47066924,-0.13425867,0.30288315,0.46177277,-0.29719466,-0.7601745,-1.7462411,0.055372752,-0.53837824,-1.3170729,-0.5680773,-0.78577447
-0.576541,-0.112572715,0.7593387,-1.390457,-1.1296848,29.96301,0.235395,0.75685376,-0.62471724,-0.29267547,-0.81755614,0.26631498,1.5422659,-0.6012693,0.9830274,1.1876993,0.35568565,0.3652425,1.5660312,-1.3369691
1.4144726,-0.66554916,0.0034028452,-0.029146746,-2.0789998,26.87779,-0.7125583,-0.4384783,0.30501625,-0.3327378,1.1259737,1.766562,1.074769,-2.1019359,0.4520838,-0.041759137,-0.6032282,-1.0640054,-0.562545,0.7007018
-0.8343141,-0.45143595,-0.77638054,1.4244888,-1.2668358,16.474375,1.5544814,-1.3815916,1.5323331,0.5726377,1.0210546,-1.334964,-0.6638242,1.3570557,-1.5772517,0.93923587,-1.7656325,1.2200987,-0.006269467,0.15461022
-0.14967868,-1.0535939,0.009399055,0.26686135,-2.4266043,31.103241,-0.5684334,0.9085017,-0.6542742,0.3277853,-0.12454285,1.6208388,-1.0569938,-1.0243422,1.7265142,-0.011244547,1.4579402,1.4605851,0.26991275,-0.080844216
0.21615082,1.2182943,-0.8931287,1.2625153,-0.19093373,14.31701,0.6543238,-2.486258,0.33892852,0.82652986,0.3818533,-1.9361101,-0.64073026,2.1146076,0.8126018,0.95493776,-1.641349,2.6181505,-2.0222392,2.5971756
-0.40435305,-0.05967532,0.6532079,-1.4469529,0.23348805,29.764982,-0.16557194,-1.2875996,-0.019281859,2.6273646,-0.4922708,-0.97111535,-1.1149826,-0.38544372,-0.4040685,-0.65909076,-0.038082637,-0.118849225,1.195184,-0.535029
0.25776812,0.3412788,-0.011744169,-0.45157084,0.04318471,18.681828,1.3454871,-0.5576202,-0.66414624,0.19564447,-0.30062822,-0.60571843,0.36445123,1.6549156,0.73316413,-0.56185293,-1.267763,0.99712163,0.15682064,-0.4746184
0.27461767,-0.8816411,-0.27300757,0.6895644,-2.2918346,33.74002,-0.7730488,-0.19965255,2.783289,-0.72035784,0.625538,0.04136535,-0.29141316,-0.14346236,0.19501936,0.80132765,1.5865364,-0.07744985,-0.9464626,0.27702883
3.0707781,-0.3589912,-0.97780746,0.6979835,-2.4064972,29.115305,-0.5676352,0.38945845,-0.117524914,-0.79139584,0.57712984,0.80188185,1.8738513,-0.0030731445,-1.6814276,0.34981355,-0.092233,-0.12780017,-1.9651394,2.095887
-0.07881685,-0.7807241,1.4167805,-0.7448105,0.46316853,27.750744,0.73401105,-1.1089892,-0.15354817,1.3210114,0.23448423,-0.6004282,-1.674436,-0.39662507,0.25128517,0.10536292,1.4195306,-0.57445747,-0.087659374,-0.7724172
0.21678224,-0.3426139,-0.8424798,0.59164786,-0.6815123,12.419536,0.73383933,-0.2963656,-0.91011894,0.4675529,-0.97369415,0.01859353,-1.2118481,0.21884878,-0.008080429,1.1532536,-1.3162655,0.66847,-1.2258329,2.1606684
0.007617943,-0.68120635,-0.4948536,0.73701453,-2.0769072,29.325287,-1.225873,1.254904,-0.3240105,-0.42376873,0.060287215,0.064246215,-0.47469354,-1.432426,0.70859206,1.5708753,0.39707235,0.7458386,0.06167954,-0.01866222
-0.953595,0.8084797,1.3001498,-1.9390242,-0.47985,30.188412,0.65030366,-0.5466391,-0.44257534,0.38144717,-1.5350488,-0.7057186,1.0291837,-0.6211869,1.4104321,-0.43272468,1.0574361,-0.24213354,2.2088437,-1.4459836
-0.7515776,-0.29046786,0.595515,0.053482234,0.16043453,26.045992,0.5838719,0.10146426,-0.74261886,0.66626066,-0.6694199,-0.39517033,1.2576622,-0.08369448,-0.2661533,-0.6494934,-0.62079626,-0.0631373,1.4510331,-0.24435759
1.2264289,0.13212873,-0.39585027,-0.030911556,-2.0888023,25.270624,-0.31362602,-0.58958185,0.21262187,-0.56464094,-1.2912121,-0.10876913,0.49612936,-2.4084773,-0.9554801,0.52842605,0.15292656,-0.28382,-1.438208,0.43259722
-2.1941736,0.39857742,1.3204458,-1.7728871,-0.4698062,19.839249,0.90999997,0.03529883,-0.7447249,-0.7614816,-1.7178005,-0.9913757,1.1137229,-1.6296272,-0.58459085,-0.12532485,-0.31079608,-0.1712351,1.7811865,-1.2670461
-0.20948142,0.7777725,1.9607859,-1.3540765,-0.3945169,27.618448,-0.005450148,-0.8741607,-1.0992832,0.7327101,-0.5240299,0.57522863,-0.025241394,0.2583832,-1.4816787,0.8181015,-1.072612,-0.41996598,2.552028,-1.4415851
-1.1061149,2.8435864,2.3722441,-1.7114189,0.3157928,24.713707,0.35217428,0.016581696,-1.0015161,-0.6848228,1.2885624,-1.6257921,1.1284702,-0.359632,-1.0878817,2.4793043,-0.66547185,-0.08979377,0.39324754,-1.079243
0.787436,0.8695761,-0.97893625,1.1815811,-2.408206,31.0032,0.01616368,0.90716326,1.0043786,-0.2629654,1.4165776,0.23305787,-0.279569,-0.9073294,-0.5761548,0.56666636,-0.034179382,-0.17633176,-0.02995026,0.39609602
-2.4472764,1.2492431,1.5950584,-1.1549184,-0.9342849,25.14191,1.4229182,-0.31150332,-0.8718348,-0.4827963,-1.6754677,-1.7354952,-0.40014848,-1.1014813,-0.18310522,-0.23064096,-0.9289241,-0.00020355631,2.504681,-1.2037851
1.9106885,0.10448668,-0.5009898,0.45133403,-1.7373345,26.069422,0.2307613,-0.71522063,2.4877965,0.22349794,-1.4111245,1.972261,0.06617406,-0.41767067,-0.1514999,-0.07643383,0.07560173,0.14737476,-1.6790051,0.066717714
0.48463875,-1.0302159,-0.9030664,0.13331139,-1.1339636,26.266626,1.165883,-0.72072214,1.0832279,-0.053581268,0.8595465,-0.35293138,0.07307827,-1.1756516,-1.3017647,1.4056063,-0.269511,-0.14689021,0.20511924,0.63510984
0.10411522,0.2958973,-0.55383074,0.51797247,-0.35855228,17.999184,0.4856664,-0.82388175,-0.771262,-0.15041961,0.17776991,-0.80190593,0.6344289,-0.34262827,0.14969702,1.1147274,-1.1467592,0.59224486,-0.2517191,0.44890767
-0.048305754,1.109084,-0.85189116,1.1997268,-0.5591852,11.913008,1.3820702,-1.4138236,0.60514975,0.18781224,0.2879648,-0.9030834,-0.2949512,1.0813344,-1.5900315,-0.38278893,-0.93940085,2.2239017,-1.8237362,1.1353838
-1.6163838,0.2667993,1.5934523,-1.4490159,-0.24382305,23.449015,2.712988,0.74545807,-1.0059533,-0.2991935,-0.61561966,-0.11011763,-0.4882714,-0.4376939,0.122123905,0.092018716,-0.09843098,0.94698983,0.9906816,0.07378958
-0.47642028,-0.3261917,-0.09803076,0.3624549,-2.6132274,34.587425,-1.2535274,1.0877942,-0.9194061,0.30986783,0.19793986,0.7154178,0.40910742,0.9275216,0.6260588,-1.4666418,1.7485793,-0.32425523,-0.49934536,0.015168354
-0.28142038,-0.16753109,-0.22804816,0.4693777,-1.3805767,20.008099,1.1867397,0.037088543,-1.0564666,0.08943771,-0.9160054,0.6968604,1.4293737,-0.93045723,-0.55299896,0.515842,-0.5880505,1.1179246,-0.06754154,1.1091343
0.9735857,-0.97341263,-0.8494762,0.39283457,-1.8378099,37.94124,-0.9443527,1.810844,1.3413243,0.6482295,-0.111971356,0.39442563,0.7699817,-2.2085593,-1.426161,0.07973067,0.33725974,-1.0582372,1.113271,-0.015394687
1.3559256,0.63829935,-1.0824684,2.0793424,-1.5359206,31.5684,-0.887213,0.12912694,3.049262,0.6428979,-0.11061504,1.3660429,0.35662147,0.19591673,-0.3121931,-0.07624663,-0.20930292,0.32659447,-1.0125521,1.392874
-1.1989803,-0.71227,0.9395444,-0.7311034,-1.0633476,26.165695,-1.4622749,0.9288674,1.5574613,-0.68890345,0.6605825,0.40386415,0.18952335,-0.69622666,-0.25967056,0.28995565,-0.9035913,-0.83017117,0.124491684,-0.30081868
1.3676219,0.50587064,0.012005812,-0.06427532,-0.5877205,27.383892,-0.09691714,0.7277631,0.26912773,-0.34622118,-0.69938016,-0.6853378,0.7113358,-1.2885303,1.8113812,-0.6820241,1.4096608,0.37052336,-0.464527,0.027945476
-0.075740896,0.4540971,-0.12443214,0.8500598,-1.3521942,15.218037,1.0759373,-0.49442232,-0.40771437,0.04185277,-0.8730381,-1.029602,0.7672696,0.038894977,0.5743354,-0.38771173,-0.87511444,1.3135316,0.4869313,1.6982186
-0.38822296,0.13069344,1.0811259,0.08011594,0.79837,31.235428,-0.2954609,-1.366057,0.7678033,2.1483772,-0.325763,-1.358741,-2.41187,-1.5583893,1.1911322,-0.81876683,-0.445587,-0.8680719,0.616812,-0.10402832
-0.9457289,-0.09262994,0.6454134,-1.0970461,-0.25775006,25.549152,-0.07349114,1.3400711,-0.76135963,-0.5710271,-0.10169274,0.84303856,-1.0214838,-0.54925454,0.9344585,0.26951182,-0.2956214,-0.057203747,0.8347313,-0.35439324
0.20020549,0.9189301,-1.0580823,1.3855102,0.040799595,14.475269,0.50418216,-2.3485167,0.50465983,1.1464391,0.26150423,-1.920215,-1.0815675,1.6046561,0.79329467,0.7943463,-1.5814912,2.566632,-2.0532782,2.6639595
-0.66926533,-0.08670142,0.49126062,-0.5297102,-0.5960442,41.80462,-1.6055737,0.200698,-0.6935522,-0.63740677,-0.12801796,-0.18292484,-0.4636773,0.5509945,2.251555,-1.5349069,0.5839294,-1.1106253,1.5166658,-1.0983413
-0.45697078,-0.433542,2.1741817,-1.53007,-0.8648096,28.93115,0.6906376,0.6560024,-0.5111685,-0.26865873,0.16834219,2.006385,0.9530273,-0.90011275,-1.1063354,-0.17234577,0.5784346,-0.19068469,1.5853062,-1.0906701
-1.2024964,0.67308056,1.1560931,-2.0673664,0.25192076,28.58282,-0.20609683,-1.1203072,-0.96532804,0.101307176,-0.35123968,1.5473288,0.34741575,-0.325925,-0.27543548,1.0181754,-0.3782707,-0.05992797,-1.0255295,-0.09548597
-1.6356726,0.36383048,1.6831388,-1.5225546,-0.2731213,23.227827,2.7546656,0.87973523,-0.97471666,-0.3323124,-0.84077746,0.06746464,-0.05496258,-0.4877226,-0.048931744,0.022857167,-0.37270585,0.89071923,0.92673254,0.22542822
0.38189876,-0.8560472,0.7042927,-0.4960017,-2.5317426,37.9839,-0.6536922,-0.0064063254,-0.9958382,0.14600702,-0.9168214,-0.42683288,0.586748,0.30448407,0.66284895,-1.5658401,1.3630899,0.20298104,-0.88796496,-1.4604757
0.95032084,-1.0570154,-0.14896184,0.52196985,-1.3753407,30.321087,-0.2712876,0.3394004,0.7268086,-2.2550776,1.4963481,-0.058913086,-0.3293458,-0.8734745,-0.51559114,-0.7483806,0.6217394,0.37462658,-0.61024946,-0.27208877
0.10049961,0.97096324,-0.75021315,1.5897174,0.62441045,12.952866,1.7781267,-1.461917,1.0394732,1.4596914,1.9121091,-0.021938248,-0.8602284,1.0379529,-0.7101029,2.6537454,-1.8556648,1.5521538,-0.86495554,1.2684034
1.2692801,-0.31360152,-1.3074238,1.9097177,-2.6612895,28.244862,0.1689677,-0.43219432,1.1987067,-0.5200719,1.4281964,1.7298592,1.1399177,-1.0024496,-0.8306488,0.8751679,-0.5074633,-0.85117126,0.22021523,0.7723258
-1.1045393,0.8809638,1.0349458,-1.4701803,0.36501148,26.6204,-0.055877954,-1.3581008,-0.69857234,0.41951528,-0.16930495,-0.50769234,-0.43281102,-0.14062494,-0.18761192,1.3680016,-0.5021929,-0.35296166,-0.48180088,0.22625281
-0.05032518,1.2558981,-0.6614303,0.22911902,-1.2933489,34.68833,-0.90965515,0.28789538,1.195894,0.8690027,0.2827625,1.037764,0.7773279,-0.6893242,-0.39910847,-0.47091156,1.7163377,-0.50531137,-0.30361265,0.21203333
0.40715966,0.74116886,-0.7205162,0.6290532,-0.7837459,16.268345,1.4238924,-1.4614244,0.5196938,-0.2252032,1.4345247,-0.82854295,-0.3462859,1.2321401,-0.5758142,0.06914195,-1.1489933,1.3670781,-1.2015622,0.87914973
1.1606556,0.20374732,-0.799082,1.0783695,-0.96012664,21.73103,1.5475479,-1.3564256,-0.93948925,-0.98264116,0.5814879,0.44650507,2.235759,0.17756672,1.2687421,-0.15298276,-1.632637,1.0661278,0.32825443,0.18220031
0.12341055,-1.1457521,1.6219196,-0.535604,0.07056902,27.37293,0.84135544,-0.84418947,-0.4619059,1.4584012,-0.1474223,-0.6898536,-1.8908576,-0.8470679,0.38594037,0.62718076,1.70173,-0.44941857,-0.062146667,-0.943815
-0.8296076,-0.21319884,-0.88709915,-0.25665417,-1.6385666,32.765747,-1.1021998,0.83163875,-1.1003299,-0.8170019,1.3425907,1.104216,1.4885592,-0.34327742,1.6090562,0.43059784,0.42448297,0.49092305,0.57491416,-0.16734833
0.37878034,0.029759794,-1.0937185,1.6488066,-1.6497258,27.663671,-0.140668,0.11833239,1.636095,-0.46627653,1.8405805,0.98698324,0.4277034,-0.7398938,-0.7807582,1.1547574,0.12548283,0.6072345,-0.16008344,0.00011883586
-2.339551,0.9933331,2.1227772,-1.3582628,-0.3213447,27.20333,1.03908,-0.15405902,-0.5606048,-0.511631,-1.4285486,-1.855265,0.26027256,-0.17104656,-0.27577507,-0.27087975,-0.6492664,-0.008372912,2.5093076,-0.84250087
-1.0301461,0.97345984,1.0613881,-1.0776981,-0.6642291,31.746176,0.68776983,-0.010403275,-0.19635895,-0.89702713,-1.7226741,0.18825829,1.689941,-1.2403432,1.0726414,-0.28527948,0.8902909,-0.74453425,2.531916,-1.2968827
-0.95440274,0.43315494,-0.66297203,0.18865941,-1.6982256,14.140906,2.2329416,-1.1003239,0.30986166,0.0105102165,0.9573737,-0.8250443,-0.5490606,0.8686553,-1.7669251,0.73220533,-1.3446532,0.5584893,-0.5785737,2.291107
0.2971881,0.90190226,0.09016164,-0.8043588,-1.5540448,35.73609,-1.2299899,0.94521445,-1.6842206,-1.5038126,-0.3681563,0.31727672,0.5556473,0.044912506,2.2476954,-1.1885531,0.8335575,-0.080997154,-0.02903538,-0.26189336
-1.1397662,1.3861204,1.690935,-1.9059949,0.3010302,27.210781,0.044607755,-1.3289455,-0.65421075,-0.08896519,-0.3530854,0.36120856,-0.6876977,-0.22778857,-1.4223086,1.0072356,-0.40306452,-0.26556575,-0.71341723,-0.068927065
0.06619124,0.7136306,-0.671745,0.8181466,-1.8449056,36.753834,-0.9734057,1.5062667,0.4406165,0.3227766,0.58224607,1.4676731,1.7874918,-1.2386472,-1.1441165,-1.2672769,0.3526275,-1.039021,-0.8377256,-0.17570494
1.1443173,-1.5360222,-0.73466116,1.0857074,-1.5688642,35.937893,-1.4600259,0.42412236,1.848939,-0.21349166,0.2491929,1.1655221,-0.26848787,-0.20837025,0.94125134,0.7379623,1.3309864,-0.410588,-0.9755252,0.7291204
0.8165909,2.2379787,-0.21291454,0.88902444,-1.3593619,11.42501,1.7710618,-0.5274711,0.7155491,0.24787517,0.7673504,-0.73595905,0.06934597,1.2727472,-0.45558155,0.8204035,-1.006249,1.200299,-0.8356149,0.65561265
1.382999,-0.54771364,-0.99910784,0.69320863,-2.6527507,34.420414,-0.3260993,1.5789193,1.1042056,-0.16494681,1.0598196,1.2221441,-0.3045542,-1.3264228,-0.28664875,0.49052027,2.4164128,-1.2642827,-0.83163416,-0.52907604
-1.3857405,-0.60629153,1.6293049,-1.8609755,-1.0121537,29.35408,0.9873203,-0.06937234,-0.46406612,-1.3389258,-0.098225065,-0.11533847,-0.533966,-0.7727253,-1.9448518,0.49540007,0.28609243,-0.20349269,0.2581337,-1.052907
-0.6798681,-0.8504572,0.7309052,-1.1645725,-0.7299117,27.174194,-0.48638877,0.6087783,-0.5018725,-1.3970975,-2.1102989,1.6391104,0.1644574,-0.8701049,-1.6602811,0.92377687,0.08779208,-0.38143188,-0.45656678,-1.3593361
1.8290682,-1.0080938,-1.4376323,0.5194495,-1.838156,24.945612,0.7932301,-0.62900794,0.8382834,0.81186086,-0.022458117,0.72340626,0.24536574,-0.104857765,1.6773018,0.4136602,0.23390323,0.68657935,-1.6420112,-0.04008873
-0.07204101,-0.38247335,-0.9919218,0.4798121,-1.0226697,15.324333,0.904392,0.33629456,-1.3438207,0.044306282,-1.5262103,0.7557165,-1.0118917,1.3853688,-0.4547783,1.968905,-1.0865514,1.1919997,-0.68879414,1.7536033
0.46552914,1.0950235,-0.3890059,0.008702624,-2.4898531,32.7633,-0.9705834,0.6334887,-1.2759386,-1.4904356,-0.47966567,1.065781,0.5076713,-0.8885512,1.3986171,-1.4486837,0.81386805,0.5255763,0.17218047,-0.21543853
-0.4245576,-0.38726467,0.5859104,-0.87838763,-0.5975868,30.333101,0.2907935,0.3888433,-0.20562547,-0.0587384,-0.6904055,0.23997743,0.45683858,-1.2801892,-1.1514056,-0.33525953,-0.29600227,-0.3699503,0.31228846,-1.3999118
-0.038489543,0.5056378,-0.0030033127,0.83211684,-1.3703989,34.88878,-0.62396085,-0.20769648,0.46471947,-0.23656915,0.26506776,2.1808515,0.19191243,-0.52086496,0.08012976,-0.41044682,2.0572336,-0.7612967,-0.087112285,-0.22373639
0.34132454,0.27328944,-0.025827995,0.3828417,-2.0478802,35.85157,-1.5467187,0.7466534,0.20280051,-0.74054694,-0.0804282,0.57495,1.4299481,-0.97813743,-0.3361263,-1.5054808,0.5649491,-0.7758814,-0.9370241,-0.31722483
-0.920645,0.72536045,1.014871,-1.7390331,-0.6824299,30.68654,0.48006237,-0.37969813,-0.34658164,0.1651531,-1.0386977,-0.8423687,0.79920673,-0.68781596,1.2662317,-0.72338927,0.9692315,-0.377634,2.175729,-1.6560874
1.1542464,-0.07180073,-1.3138628,1.7446091,-2.352105,27.763746,-1.233919,-1.07831,1.9065298,-0.3971877,1.2360466,-0.75040066,2.4651196,-0.4033434,-0.6036711,-0.2132739,0.90477645,0.11640323,-0.33257082,-0.20855647
1.0778223,-0.12967554,0.38718876,-0.14426957,-1.1470323,27.31845,1.0438614,1.2505416,0.82798624,-0.61700267,-0.7075686,0.33012244,0.89462656,-1.4234345,0.46535528,-1.294131,0.2934784,-0.09525329,0.40404958,-0.0015357947
-0.1761013,-0.24984644,-0.260478,1.0566947,-1.7939941,20.246748,1.3840045,0.36771178,-1.2513618,0.39928818,-1.3190767,-0.19971159,1.3978142,-0.8935956,0.21638317,0.80557567,-0.6566459,1.0633035,0.30797455,0.7414834
1.9563444,0.23946539,-1.2747159,1.533812,-1.9953209,27.63408,-0.8200672,0.37571317,1.5721881,-0.25503644,0.21911599,0.9309741,-0.7283077,0.3089739,-0.29320073,0.7616935,0.022027854,-1.1618025,-0.43837404,0.19053856
0.22203057,-0.76981604,0.83893317,-0.30035663,-2.1740708,37.191048,-0.9923723,0.21093817,-1.0306054,-0.0070624817,-0.17677899,-0.31066865,0.78890944,0.47933808,0.812241,-1.1641328,1.5160091,0.36639857,-1.0919212,-1.5615515
0.041666314,1.070444,0.5159833,0.7014513,-1.4605877,35.044407,-0.5891594,1.1750112,0.43361688,0.301678,-0.07171911,1.5469865,-0.25700465,-0.8991953,0.6671427,-0.4912754,1.5733706,-1.1222827,0.20247331,0.30305344
1.1255531,-0.35396945,-0.5086728,-0.0954128,-1.4418752,28.986506,-0.52851313,0.5750365,0.1984615,0.086146235,-0.5528072,-0.7773618,0.72799575,-0.058657993,-1.2097472,-0.3802472,0.58513397,0.7331396,-0.11671474,-1.3545773
-0.21635495,1.5336614,0.095828496,0.923793,-0.8872684,11.93516,1.2144238,-0.598371,0.66394705,0.3404212,0.34259358,-0.6762843,0.048606426,1.8877952,-1.3997719,1.5149131,-1.0192474,1.1739423,0.2166658,0.03848944
0.344153,-0.26871547,0.38836753,-0.26124707,-1.4629763,36.22928,-0.5792413,1.617602,-1.0530093,-0.85252327,-1.3975488,0.7282928,-0.20750317,-1.4624777,1.8412224,-0.24810985,1.5915846,-0.04894976,-0.4618205,-0.67134756
-1.123266,-0.5314997,0.2984901,-0.63247985,-0.2698116,26.73801,0.10259307,-0.006484628,-0.8746285,0.12896636,-0.0704559,-1.5284686,0.09024281,-0.59548384,0.7765849,0.22579974,-0.36882657,0.22621301,1.6082636,-0.69217736
-0.9193459,2.0366135,1.1029834,-0.92328876,-0.58520585,31.384972,-0.95212054,-1.274024,-0.41378397,1.5672326,-0.80081004,-2.0204144,-1.6894137,-0.94817185,0.3678562,-0.22902322,0.14761528,-0.22186641,0.27663982,0.344939
0.45641926,-0.95984817,-0.38515392,-0.6588321,-2.1523204,32.720512,-0.70426106,0.6639778,-0.56339777,-0.5434361,0.37982684,1.6987965,0.23926513,-0.7921322,1.5361468,-0.70544827,0.983159,0.3792254,-0.028880695,0.4646965
-0.94609094,-0.18009971,-0.1450352,1.0701957,-0.94624066,16.560284,0.9279808,0.6373356,0.20279376,-0.4919911,-0.4477532,0.9351235,0.8066418,-0.014563988,-0.21057495,1.4434413,-0.9048123,2.2165678,-1.3363318,3.1036437
1.1430813,-0.09427745,-1.3711504,2.5190194,-2.5412304,28.104172,0.44444713,-0.79895145,0.9153791,-0.4505296,1.2539537,1.2605993,0.77854043,-0.60087234,-0.90657216,0.8134475,-0.3716808,-1.083179,0.35623595,0.59309596
-0.23063917,0.5775399,0.122630894,-0.023404993,0.055344142,13.26778,1.0152482,-1.2793493,0.26284197,-0.17161408,1.0523154,-0.10072761,0.11569305,-1.5770891,-1.1183984,1.705732,-1.8901396,0.7315233,-0.28786346,0.3363869
-0.78283405,1.4074651,2.2632976,-1.5708486,-0.17405401,22.288149,0.40001276,0.1515158,-1.3617784,-0.2949599,0.96118957,-1.2645977,1.041445,-0.74432665,-0.35111332,2.6817746,-0.6076646,0.34974346,0.2955417,-0.73169935
0.5365929,-0.20371635,-1.0082513,-0.3046731,-2.3710794,27.67366,-0.82721734,1.2981528,0.46378723,-0.005491158,0.39537585,0.8508467,2.4026651,0.028888563,-1.3066542,-0.69357413,-0.96779907,-0.36846125,-0.20781991,1.4211138
-0.8348397,-0.06675591,-0.7098471,-0.009033067,-1.2860844,32.408676,-0.67828625,0.8876406,-0.8642777,-1.3750206,1.6417464,0.7716147,0.85990703,-0.62985075,2.389052,0.69192225,0.17003737,-0.09173198,0.13313185,0.1452308
-0.07401362,0.38671613,2.1078966,-0.79827183,0.042370386,28.126434,0.4529895,-1.3642402,-0.09452541,1.2879285,0.101690784,-0.63605523,-1.574105,-0.11294082,0.28499058,0.92926633,0.6397721,-1.400472,-0.49694544,-0.6922443
-0.093674764,-0.13232484,-0.17544232,-1.3957303,-0.6965424,26.683867,-0.16138008,-0.68355304,1.1946752,-0.4859894,1.78259,0.506654,-0.17086901,-0.8729132,-2.1472838,1.2751582,-0.47505558,-0.55883837,0.03911075,0.20540483
-0.4397551,-0.62443775,-1.3468527,0.55458564,-2.2568703,15.333309,1.1038752,0.25747558,-0.5613995,-0.99071664,-0.5861765,2.3509738,-0.32412824,-1.4336823,0.82843393,0.46456927,-1.0709174,2.0769236,-0.009872711,1.7658443
-1.0955755,1.060127,0.9931502,-0.6070142,-0.64099795,30.138391,-1.0569491,-1.5245967,0.8306289,2.301597,-0.115009874,-1.3449283,-1.6950098,-0.508681,-0.31514862,-0.11482213,0.51911724,0.35656592,0.5682677,0.19744623
-0.7515767,-0.19838983,-0.96747595,-0.47922313,-0.801434,35.9242,-1.3780904,0.9338838,-0.9178487,0.43698505,0.3145803,-0.83497685,-0.008228302,-1.4928118,0.7343504,1.1085619,1.7105061,-1.6235609,0.9344012,-0.22747406
0.0603296,-0.83697087,-0.7054628,1.0259483,-2.4185386,31.065853,-1.2580141,0.97558695,-0.36193305,-0.2842649,-0.016360346,1.0803223,-0.44071764,-1.7019683,1.7073616,1.043993,0.8085258,1.0928202,0.9485728,-0.06362753
1.0065941,-0.106130846,0.058796484,-0.37927675,-1.7238109,33.285336,-1.3037583,0.15440075,0.5383422,0.90638834,0.9943531,0.983965,-2.0025983,-1.423559,-0.73695034,0.07579698,1.2388855,-1.1016196,-1.1682386,-1.1473429
-1.9416995,-0.43073666,0.97095245,-1.0340276,-0.4703471,25.955626,0.0076645496,0.74545205,-0.69247633,-0.3438859,0.2173974,1.1768469,-1.3828955,-0.5765551,-0.82615966,0.2966802,0.14914404,-0.8927222,0.3607965,-0.2281873
0.7706092,0.10591379,0.64075667,-0.011361576,-0.46935034,27.379683,0.31315744,0.71254283,-0.24233185,-0.45973453,0.47192597,-0.15522219,0.8908638,-1.4648869,1.2165251,-1.0756098,0.9636741,-0.21093024,-0.13613573,0.28566757
-0.9931779,-0.5478442,0.29208744,-0.43685383,-0.6050398,28.961632,-0.34949535,-1.027201,-0.19144897,1.145137,0.61987096,0.5877693,-1.2577081,-0.6936749,1.3512087,0.90874404,0.70242983,0.5464895,-0.0059302696,-0.3901733
0.16867438,0.6143041,-0.48853743,-0.20465781,-1.4803772,35.523384,-1.2596861,0.47098124,-1.5932325,0.4550063,-0.9744535,-0.13619544,-0.0067997887,0.140013,1.0864898,-0.46624678,1.1525469,0.64296466,-1.1143258,0.54537743
-1.3325205,-0.028196078,1.199975,-1.4826412,0.28510967,24.188026,1.6225859,1.0587181,-0.5919664,-0.68945163,-1.1059066,-2.032372,0.89112484,-0.043227557,-0.43904904,0.12623553,-0.6043336,-0.006460147,1.8009411,-0.9142782
0.7816477,-0.2361725,-1.0835655,1.300328,-2.570129,30.880861,-0.13781582,0.60546756,0.7262609,-0.40098062,1.3830283,0.32587123,-0.18836822,-0.6861555,-0.58326244,0.22180027,-0.3113556,0.10571984,-0.4081784,0.5730612
-0.83674395,1.110036,-0.5810767,0.20438139,-0.8712045,15.708703,1.4088025,-0.6589439,0.06780729,0.86528295,1.2010803,0.29497752,-0.89949256,-0.48731485,0.69073635,2.3190517,-1.2224307,0.5493857,0.77451277,0.40864453
-0.27017996,0.9595649,-0.020187173,0.112921804,-0.19673485,25.54052,-1.06587,-1.5797967,1.1948493,1.9042124,0.3535118,-2.3866627,-1.5900055,-0.7950974,1.5287781,-0.81462854,0.9597301,0.017305052,0.6222702,1.1652824
0.78547055,-0.7284685,-1.9935524,1.2041872,-1.7044781,32.382473,-1.1204053,1.299289,0.56219226,-1.3494278,1.8920103,1.3553779,-0.35712218,-0.32877514,-0.56743294,0.314767,-0.56773853,0.5975401,-1.0816514,-0.10347224
-0.41466522,1.0690633,-0.15478122,-0.6858357,-0.71438426,30.622751,-0.5204918,-1.1100655,1.0374074,1.777716,-0.012130207,-1.6069481,-1.6896263,-0.8138313,0.9946262,-0.56074303,0.38993037,-0.7339394,1.01036,0.05393175
-0.24499239,0.4150752,-0.29058206,1.046898,-0.46732664,15.631603,1.8508189,-1.0968951,-0.6131286,0.7249519,0.058635138,-1.2353154,0.3210205,0.08048821,-0.6357736,0.6124901,-1.217372,1.5058498,0.45940953,1.0693519
-1.0609151,0.15587713,1.2252212,-0.83706516,-0.5496783,24.39739,0.094956115,-0.53045243,-1.1868261,0.27314368,-1.8059151,0.4525852,0.10813895,-0.47516075,1.2153455,0.39044762,-0.33344838,0.16749974,-0.028853325,-1.0818155
1.0488125,1.1103894,-1.4622525,0.7158351,-0.89200455,15.856921,0.86859447,0.8449457,-0.56197006,-1.0368563,-0.8655942,0.036949124,0.50121236,0.3994826,-0.01930609,2.0964668,-1.6232146,-0.14351273,-1.3722411,0.4322947
-0.8401879,0.11036876,0.046157025,-1.0233935,-0.22123022,27.578667,0.58250266,-1.5771861,0.3154487,0.7092321,-0.25522885,-1.372903,-1.8442458,0.8578583,0.7452401,0.3592557,0.21919388,-1.4791485,-0.20202218,0.05499719
0.5807593,-1.1281021,-0.09558744,-1.3216649,-0.7063345,32.473286,1.0282761,-0.2373415,-1.0765496,-0.08004862,-0.27435073,-0.6619312,0.29901624,-1.7513103,1.4144188,-0.75010175,-0.47826734,0.20660135,4.144328,-1.3563769
-0.499688,-0.20023434,0.07284807,0.40530208,-2.1792839,33.428116,-0.7865152,1.9115434,-0.9530497,-0.24369158,0.11799715,0.78243846,-0.07395516,0.6831588,0.782482,-1.2123623,2.1416166,-0.009954345,0.061714903,0.2305622
0.51971245,0.78024024,-0.8356703,1.3051068,-1.1176544,22.486513,0.45771572,-0.47459543,-0.82762975,-0.8762084,-1.2011753,0.14582501,1.3003309,0.31981188,1.1183546,0.7832554,-1.2187271,0.6439493,0.99143654,-0.5392406
1.1131227,0.49962217,-1.1997684,1.6568079,-1.4216181,31.251532,-0.6581026,-0.048644345,2.2557359,0.44439644,0.15787305,1.3732245,-0.21982665,-0.23430638,-0.8249088,-0.24609494,-0.31903777,0.59679,-0.6464716,1.601215
0.43667853,-2.0132902,-0.5836513,0.866399,-1.6084788,34.267715,-1.0161558,0.80383897,1.7903168,-0.73504335,0.99166787,1.1908975,0.4222689,-1.294788,-0.050266337,1.2942019,2.659242,-0.6026262,-0.13707551,-0.06933301
0.28576884,-0.38823158,-1.8656882,1.9223609,-2.2781866,25.518744,0.44266006,0.39786488,0.48952004,-0.85302204,-0.45540798,0.56766033,-0.51759887,0.7441697,-2.171891,-0.86809486,0.5928214,-0.31119168,0.113541104,1.0628078
-1.7809695,-0.82412297,0.7496968,-0.18548246,-0.9994741,30.22427,-0.35014775,-0.8643206,-0.036321647,2.5620732,-0.1752255,-0.12072627,-1.7545488,-1.0164161,0.8398834,0.7204618,0.7803961,0.7815843,-0.24689774,0.40699536
-1.859574,0.6536945,-1.1052316,-0.2292205,-0.8888239,27.137993,1.6173251,-2.7480433,0.656834,0.95928746,0.6199061,-1.7987988,-2.0294857,-0.57706344,1.6943827,-0.22311002,0.43024346,-0.71927947,0.74955297,0.7162176
-0.41276878,-0.5202662,-1.4216524,1.7598369,-1.8912426,15.171207,1.975539,1.5963686,-0.20260808,-1.128925,-0.7791531,2.6435678,0.7780044,-0.12720169,0.6173116,1.6903774,-1.0470567,2.4044182,-0.865013,1.5473125
-1.6355485,-0.2367071,2.6552649,-1.6006532,-0.044957228,24.592047,1.6095237,0.42505598,-1.193868,-0.298907,-0.32659626,-0.72531164,-0.59173954,-0.535839,-0.55685854,0.14524059,-0.4478705,-0.17398477,0.7835093,-1.4553306
0.67328423,-0.02243027,-0.7948296,0.1184091,-1.958849,26.892937,0.25411204,0.47258383,0.19982353,0.3235823,0.49435085,0.21344459,0.10520993,-0.24076486,-1.138501,-0.4351412,-0.09496991,0.19214775,0.122402065,-0.05501828
1.7746124,0.84269387,-1.3770665,0.39221632,-1.0339555,35.013454,-0.912204,0.67845184,1.1910876,0.027539296,1.0242351,1.5695373,-0.42979184,-1.073252,-0.98193467,-1.0581125,1.6894176,-0.48417747,-0.99678284,0.81552446
-0.6762531,-0.038680658,-0.95107985,0.34497896,-0.6959421,16.174255,1.2873697,-0.42786413,-1.5119598,0.09369074,-0.14012665,1.1630585,0.34903237,0.69599056,0.2405278,2.037839,-0.9810953,1.0527185,-0.93843484,2.0309432
-0.03907165,-0.4413697,-0.615441,0.56131494,-2.1164157,29.96368,-1.3295475,0.6686582,-0.51864475,-0.16914652,0.15089037,0.81153226,-0.28357175,-1.5711946,1.2419857,1.6860123,0.15110204,0.55374116,0.15632583,-0.034078903
-0.7731883,-0.5604972,0.7059278,-0.7237242,-0.027968233,30.262592,-0.07395972,0.09433194,-0.890841,-0.37453187,0.09157765,-0.13983017,0.77498263,-0.3211099,0.9752953,1.1071913,-0.27052903,0.50679874,1.8210946,-1.5001408
-1.682978,0.5566115,1.9298589,-1.2071561,0.3247434,22.602232,2.7570813,0.66742265,-1.1864853,-0.037449673,-1.5136416,-0.6436635,0.42136994,-0.631757,0.35519153,0.13788609,-0.30875364,0.26700172,1.1799542,-0.18823305
0.06597743,0.062082976,-0.08916318,-0.4313549,-1.1056908,30.555994,-1.0571278,0.3663003,-1.0751483,-0.9746597,0.53610533,0.83021367,0.83655465,-1.98036,-0.14649028,0.12806389,0.9441765,-0.6386723,-0.13710596,-0.22030376
0.109025195,0.3750224,0.43241876,-0.30226684,-1.3057986,38.11493,-1.9600967,0.6752462,-1.3822997,-0.08895155,-1.5603546,0.7592601,0.33634827,-0.8373981,0.6247066,0.30006686,1.5928478,-1.095217,0.45109564,-0.8422355
0.2933178,-1.6600214,-0.29403126,0.18285607,-2.5959938,35.312622,-1.0029932,0.7031415,1.7936132,0.16739579,1.6269618,0.18874523,-0.8820365,-2.4188309,-0.25331134,1.0697062,0.5130457,-1.6648632,-0.6882166,-0.3498886
-1.3939381,-0.32373184,1.5449252,-2.2915962,-1.2648818,28.716568,0.16650325,-0.09135719,-0.5326072,-1.4389457,0.23661123,-0.42165467,-0.6976571,-0.44151276,-0.8592923,0.74649054,0.29222336,-0.39364856,0.66834515,-0.8137385
0.8883507,0.34427872,-1.1138363,1.162217,-2.1920834,29.46203,-0.0005031463,0.68067384,1.268518,-0.42264843,1.5720329,0.07814913,0.08605618,-1.0263615,-0.5867984,0.9089901,-0.056296777,-0.20492312,0.15282468,0.51186526
-0.92075545,0.48894998,-0.31789806,1.2067144,-0.91971666,15.197998,1.2052429,-1.5592034,0.842173,1.3263745,0.12675826,-1.6660453,-0.98331857,0.786558,-1.0342742,1.1773572,-1.6126965,0.66576576,-0.32391313,-0.19002648
-0.2900343,-0.043479577,0.49953523,-1.562834,0.17241943,30.528347,-0.06525292,-1.188189,-0.0733674,2.7050393,-0.5008371,-1.1555296,-1.1886462,-0.091645755,-0.5580468,-0.35880035,-0.034865994,-0.18626508,0.6736345,-0.6021023
0.16506843,0.21831165,-0.06002707,-0.65274054,-1.2057415,30.884731,-1.1919981,-0.0253286,-1.1588736,-0.9453657,0.60983646,0.78858304,0.8551117,-1.9712868,-0.3191834,0.03791904,0.5983803,-0.70790744,-0.06391062,0.20998682
-1.3231943,0.45493254,1.228419,0.118786745,-0.15540819,15.309705,0.68862534,-0.9695524,0.3362036,0.09389827,0.2912353,-0.099407755,-0.7692634,-0.20360143,0.33699003,0.9961771,-1.3806226,0.41240397,0.88321286,1.0217655
-0.54193485,0.2908962,0.06339346,0.42858717,-2.431428,33.494164,-0.75950485,1.9087465,-0.7840001,-0.17122467,0.35658905,0.4066897,0.055511933,0.40637565,0.40628332,-1.2166283,2.287475,-0.23938,0.20481941,0.40621975
0.58595675,0.13172194,-0.8985747,1.0877398,-2.484642,31.508617,-0.15934882,0.6693009,1.3355228,-0.18177499,1.5315295,0.39185166,-0.19072519,-0.98954576,-0.43708643,0.29950592,-0.17501828,-0.08046282,0.024599055,0.21116021
-0.9558685,0.11621623,-0.373783,1.4698005,-1.1687303,16.091242,1.0981117,-1.4614488,1.1932977,1.0417731,0.7773739,-1.6236087,-0.7581476,1.044336,-1.3430675,1.2536184,-1.5763787,0.9002781,-0.31023544,-0.4332549
-0.7664839,1.2555238,2.1758137,-1.6798407,-0.95882386,26.102661,0.44861892,1.0610301,-0.925121,-1.4828572,1.5479392,-0.56731534,1.6703693,-0.024786342,-0.90366,0.863129,-1.0535945,1.1848061,-0.03576736,-1.0573767
-0.8341874,0.08344163,-1.071677,0.0015199424,-1.5606736,29.524073,-0.42728832,0.7912845,-0.7067052,-0.6360946,-0.18702435,0.9054975,0.868087,-0.7417571,1.9425614,0.7928487,0.6336957,0.29780453,-0.27386135,-0.043775138
-0.80516666,-0.4198301,-0.801951,1.1596823,-1.6414125,16.192432,1.0180236,-1.8202708,0.1411382,0.537527,0.6506536,-1.9851547,-0.866998,0.7358144,-1.6578455,1.07621,-1.6224474,0.68419474,0.040758457,1.9512845
0.54550177,-0.6888947,-1.6742465,1.2464606,-1.9031489,24.507809,0.33445907,0.43235818,0.8977163,-0.92282087,-1.0023674,-0.34262478,-0.10665434,1.0141792,-2.2388365,-1.0105158,0.21566108,-0.8097757,0.40202394,1.1619796
1.5983394,0.47373024,0.25910282,-0.29155934,-0.80613995,26.542013,0.37911478,0.6149492,0.46593696,-0.516845,-0.48299173,0.08643216,0.4389911,-0.7876427,1.7487123,-0.9723488,0.6987377,-0.02226563,-0.18450968,-0.005705255
-1.2171798,-0.45374647,0.5147785,-0.50631225,-0.89497954,26.10776,-1.6595197,0.83250034,1.4060273,-0.8103067,0.8271826,0.37871495,0.91794455,-0.64061564,-0.26344535,0.13274321,-0.6271019,-0.8818369,0.51458865,-0.6675836
0.013353483,-1.2602996,1.297727,-1.1277394,0.16762844,27.620249,0.92825454,-0.73956484,-0.3424679,1.7626551,0.40093568,-1.278761,-1.7123308,-1.1445456,0.76039976,0.42510206,1.2012126,-0.28674334,-0.36972174,-0.9504449
-0.61488664,-0.5091341,2.225426,-1.0740713,-0.52000535,26.26402,1.7061386,-0.4050177,-0.5480082,-0.5538643,-0.7079555,0.9176975,-0.13711232,-0.9559598,0.3608607,0.30727655,0.36274126,0.5424897,-0.52833307,-0.7620896
-0.053844348,0.5016977,-0.39739162,0.073070586,-0.16236033,13.723343,0.91002,-1.4342922,0.35941142,0.02869309,1.491289,-0.25605103,-0.4420307,-0.9792691,-0.49489722,0.891365,-1.9396334,0.6998819,-0.07754741,0.11637364
1.290086,0.0057664136,0.047133412,0.8920997,-1.39209,27.661129,-0.4163168,-0.6359659,1.4289145,-0.273247,-0.6437042,0.9966854,-0.1924154,-0.11129678,0.2970205,-0.6184286,-0.7054723,0.2372233,-0.6191787,1.4665267
1.0158619,1.8455316,-0.95472425,-1.2878395,-1.7705891,34.24229,-0.76454926,-0.760546,0.8274265,1.7559514,1.4185673,0.5445927,-0.70555526,-0.87044156,0.25252154,-0.10306721,1.0968266,-1.7914824,-0.0070136725,-0.35462615
0.29158086,-0.34766632,0.07172635,0.5185286,-1.472817,30.613045,-1.1710309,0.23489359,-0.04137886,-1.6785148,0.53702074,0.29988065,-0.33926886,-1.2522304,-0.97281426,-0.439011,-0.35031772,0.46051183,-0.38279146,-0.36336988
1.7696565,1.677513,-1.4940678,1.2345752,-2.1684,29.279966,-1.3952495,-0.21711184,1.1814743,0.7932534,0.8199562,1.1100332,-0.39828607,0.24303056,0.027748853,-0.20060132,0.09539151,-0.18469581,-0.01680489,1.1227932
1.3426979,0.73373675,-0.9976654,1.2115535,-1.5092137,30.246737,-0.4434906,-0.47550404,2.6012962,0.20380576,-0.27180162,1.0393101,-0.29130355,0.09424075,-0.6240936,0.19122118,-0.30330762,0.85790133,-1.0968264,1.0127099
-0.39824829,-0.21855117,0.9268087,-0.7593983,0.6333616,29.413774,-0.14915459,-1.9265721,0.9245192,2.7574816,0.61562634,-0.4536222,-1.8091077,-0.25859478,0.86311364,-0.26891038,0.2378347,-1.17028,0.6617844,-0.30818355
-0.25469062,-0.5705899,-0.60983557,0.44176328,0.043824498,35.0822,-0.5890376,1.7137169,-1.8011377,-0.3080828,-1.3993593,-0.94290495,2.115972,-1.6128278,1.3557671,0.7387503,1.4270893,-1.5344939,0.46013066,-0.064154126
0.14426993,-0.07709235,0.3167265,-0.21839385,-1.3528636,37.973637,-2.0256937,0.41759822,-1.0660228,-0.16562313,-1.3393213,0.6231125,-0.342325,-0.5842703,0.69491845,0.13903585,1.3646733,-1.4580746,1.0609503,-0.77938133
1.5080234,-0.72739744,-1.6445994,0.7548863,-2.0476997,30.904194,-1.1414756,0.23765296,0.24206656,0.052679647,1.9428933,2.1380334,1.3810248,-0.25591093,0.34508026,0.30519712,-0.399352,0.17211127,-1.845231,0.6796202
1.3591053,-0.40735045,-0.33426276,0.37212437,-1.9516287,28.786077,-1.0402609,1.0137302,0.26753074,-1.0665538,0.009443386,1.3115193,0.91777235,-1.8798584,-0.49523938,0.20426245,-0.093764305,-0.48153234,-0.3689065,0.058023196
0.27835628,0.86302096,0.3121558,0.869734,-1.4803199,33.934544,-0.7739167,0.8227818,0.26219127,-0.025456186,-0.1730762,1.4257908,-0.42327353,-0.8463932,0.9548738,-0.73195773,1.4389985,-1.0796156,-0.24096072,0.1910588
-1.2220364,-0.2586717,0.24537438,-0.6835336,-0.7873408,26.063211,-1.5035311,0.8033662,1.3872677,-0.5720242,0.10556101,0.522533,0.9941902,-0.48498946,-0.26861212,0.10787935,-0.5003026,-0.466941,0.7672973,-0.36515334
0.35504666,-1.840408,-0.7325203,1.2200427,-1.6366262,34.135284,-1.2619694,0.41770902,1.2276218,-0.7333265,1.1510228,1.0658797,0.047218774,-1.1867813,0.2718023,1.5477372,2.6688554,-0.5827933,0.074355625,-0.118470736
-0.4534235,1.1873022,0.18613422,-0.16901855,-0.8930849,13.968325,0.43484944,-1.0943553,0.5676311,-0.32925865,-0.28337514,0.2710782,-0.028059505,1.1594884,-0.9962472,0.80710864,-1.4387411,1.8824577,1.0674574,0.14182062
1.5513572,-0.16387543,-0.058216404,1.1136208,-1.6285688,27.079496,-0.4310615,-0.25250775,1.9341341,-0.6167778,-0.7938547,0.7087752,-0.20839109,-0.57516354,0.7861591,-0.46703953,-0.6641509,0.010246404,-0.36133868,1.4500921
0.06345175,-0.4588602,-0.4833016,0.45035103,-1.852158,30.823418,-1.6020112,0.53089046,-0.23658898,0.06176612,0.64621025,0.50509334,-0.7471203,-1.4895774,1.0686584,1.7418258,0.19069603,0.583128,0.08225866,0.0007944313
1.445096,-0.82531476,-1.5867189,1.1874434,-2.121897,26.518316,-0.3553388,-0.44627082,1.62972,-0.0022720322,0.09893628,-1.1690546,1.4656736,1.135914,0.9838301,-0.10415878,0.6414997,-0.3636998,-0.31939992,-0.05451368
0.25955972,0.8283751,0.0028160708,0.735271,-1.1421286,32.84133,-1.0648712,0.6654448,0.12254788,0.16709937,0.103911676,1.7915348,-0.52568126,-1.1203054,1.1492687,-0.7561711,1.550142,-0.7545489,-0.32244655,0.40450934
-1.2732608,-0.30883083,3.1438594,-1.5059876,-0.567763,25.26285,1.9761043,0.3692403,-0.97506446,-0.33971387,0.52187705,-0.74943817,-0.32500675,0.13630208,-0.4992385,-0.3179734,-0.33261982,-0.58955824,0.07798839,-1.5801686
1.2442867,0.2972649,0.2228473,0.43092299,-2.3840458,25.062086,0.45307532,-0.2657932,0.31529292,-0.93407166,-2.3305295,1.2674583,0.66454154,0.48015222,-0.45589066,0.34244895,-0.3495579,-0.8502447,-0.70327187,-0.4530989
-0.9610778,0.38726285,0.7851699,-1.3484949,-0.1874243,30.34026,-0.27627417,-2.0177302,0.68604577,3.598398,-0.17843966,-1.4737058,-1.4991841,0.00025986764,-1.0474129,-1.0553994,0.67120016,0.49002254,1.1712867,-0.26322687
0.6689473,1.1584513,-0.6035007,0.3622913,-0.7517075,14.418814,0.96995074,-0.07230557,-0.97522676,-0.012952568,-1.1201888,0.8835117,-0.58550465,1.2511182,-0.8666631,2.2961447,-1.7487401,0.7305326,-0.4681364,1.8230053
-1.1208994,0.0024966036,0.5017673,-0.32203695,-1.0751762,31.149664,-0.0062011043,-0.2950022,-0.06316862,1.7243658,-0.3668313,0.023717368,-2.3241384,-0.6427784,0.7607776,0.00090247294,0.9122197,-0.75897294,-0.25753403,0.4340768
1.3980981,0.27714545,-0.22400175,-0.74558413,-1.6989704,27.801022,-0.9639088,-0.22386065,-0.74562573,-1.4049188,-0.8749069,-0.4816663,-0.31726682,-0.9343026,-0.5735771,0.11611354,-0.22049879,0.7395776,-0.18292409,-0.85505736
-0.89006615,0.5050206,0.45823735,-0.9360548,0.24834508,29.166437,0.3876794,-1.4143137,0.36735085,0.39040965,0.05745369,-1.5853351,-1.2749177,0.32801598,0.9124227,-0.41475555,0.31130424,-1.6626924,1.0495507,-0.5744569
0.3293494,0.40002,0.05270256,0.19615765,-2.7894971,26.16213,0.43257317,-0.15853179,0.33276823,-0.9191431,-1.2107455,1.561318,0.1556538,0.7672097,-1.1663239,-0.23849064,-0.52466065,-0.62877935,-1.0091808,-1.078056
1.2458017,0.2815643,-0.2666411,-0.0055451016,-1.5364729,34.318005,-1.2319462,-0.28041458,0.12678415,0.55265325,1.3356279,0.518481,-1.9683024,-1.7079169,-0.5706474,-0.3177609,1.2448034,-1.260445,-1.1025487,-0.94995844
-0.9943003,-0.1450823,0.13505682,-0.68286854,-0.5971596,24.966057,0.018114382,1.9054652,1.1639001,-0.16902746,0.76100653,-0.49438378,0.7356027,-0.5233372,-0.0665192,-0.2576127,0.6151205,-0.8125083,0.07807788,-0.31953353
-0.31318307,0.24094106,1.5215455,-1.2314245,-0.18029317,28.043825,0.078402184,-1.0704087,-0.74322927,0.70965785,-0.80639297,-0.48641095,0.17807028,-0.05294694,-1.7113434,1.1357087,-1.2833642,-0.7493007,2.2533772,-1.2304518
1.0551,0.2702449,0.50457245,-0.30566746,-0.7482287,37.554165,-0.88927424,0.8487163,-1.0151031,0.0987007,-1.7746055,0.44157264,-0.87998563,-1.7457461,2.5659215,1.0753695,1.4754425,-0.57521695,0.48587862,-0.059400238
0.74993527,0.08921472,-1.6617383,2.6033022,-1.9664565,27.72085,0.29235283,0.03122233,0.2155281,-0.67340434,0.8965681,-0.0973894,1.3227327,-0.04789411,-0.5757444,0.24899589,-0.10131811,0.21546103,-0.5276005,1.2592213
-1.4741033,0.03489113,-0.029662115,-0.759068,-1.36458,31.748808,-0.07066767,-0.898979,-0.41950157,3.840668,0.707094,-1.7454528,-1.4053884,-1.281112,0.87142307,-0.39071637,0.18719506,-0.72473955,0.174569,0.57133716
-1.4462883,1.6241978,1.0458778,-0.61851877,-0.33867288,22.320961,1.0167489,-0.928561,-1.4010069,0.04982183,-0.54656273,-0.051495854,1.0799863,-0.38074097,-0.7678082,1.521281,-1.27865,-1.1273844,1.6224592,-0.6750589
-0.05815131,0.66040236,0.15016416,0.8456055,-1.4395124,15.284542,1.0752184,-1.4157889,-0.74622,0.33671552,-0.6353542,-1.0492368,1.5003178,0.9062312,1.4086659,-0.34857905,-0.7042079,0.6827433,-0.6176346,0.97251344
1.002779,0.6243974,-0.72162426,0.20477647,-0.8298432,13.948446,1.4816587,-0.29804924,-1.1986506,-0.42157567,-0.9807809,0.7495088,-0.57247263,1.2232745,0.14405783,2.0128613,-1.7916942,0.66320413,-0.54183394,1.9885637
-0.7099937,0.56630796,1.5265236,-1.2273884,-1.1649923,24.26549,0.3237489,0.6102858,-1.5386736,-1.8432705,1.8814962,-1.7638278,0.7629611,-0.92411613,-0.5230611,0.9667692,-0.8750265,1.6603352,1.093421,-1.5834914
0.063880295,-1.0594889,-0.034243222,-0.80378294,-1.9468582,33.940292,-0.7766695,1.5843085,-0.76059115,0.3118517,-1.0988411,1.057636,0.33479232,-1.7833147,1.1333121,-1.0666407,0.01719631,-0.5397555,-0.54717255,-0.1834474
0.2679152,-0.86524224,-0.44420758,0.7432521,-2.3199058,29.998701,-1.2301224,1.2402676,-0.44455844,-0.25060773,0.1258182,0.78271806,-0.036086746,-1.8169922,1.5610238,1.5097342,0.58693326,0.9823179,0.24880716,0.2672108
-1.2421548,1.1256276,1.9006531,-0.6087719,-0.16961159,21.812172,0.7567619,-0.89573956,-1.2993047,-0.0037689444,-0.27134272,-0.0086973775,1.405499,-0.6478282,-0.15466012,1.4422017,-1.0773672,-0.91574174,1.4257969,-0.7545181
0.91621566,-0.93401814,-0.021094615,-0.23600458,-2.050701,24.796776,0.9551092,-1.1856465,-0.32511216,-0.10342294,0.38872528,0.3638821,0.0038428793,-1.1554328,-1.2175691,-0.40403846,-0.03991014,0.089241736,-0.33807948,-0.19158381
1.1344286,-0.3032757,-0.5947007,0.8700581,-1.6221288,37.42277,-0.7052848,0.2475614,-0.97315717,0.60296744,-1.5854976,0.18620642,0.21707924,-1.5354258,-0.47012302,-1.3049556,0.5726268,-0.43471605,-0.23454855,-0.26217118
0.695619,0.8067099,-0.60849905,1.3904328,-1.4993395,15.246124,1.9102371,-0.12520604,-0.9691695,-1.0616004,-1.4955775,-0.31432715,2.2181563,0.7068507,0.18422273,1.6246777,-1.5426775,0.119389646,-0.0424526,-0.4130782
-1.1834102,0.12076105,0.9316609,-1.63056,0.24697997,25.365665,0.22466166,1.8190454,-0.9510871,0.040312864,-0.6127337,1.4809221,-0.9987631,0.033962857,0.58833516,0.877955,-0.23353574,0.37926245,0.69887936,-1.0813321
-0.5803086,0.05431418,1.0142386,-0.65920657,-0.64911103,31.407627,-0.66562706,0.7587055,-1.3036785,-1.7685077,-0.87695843,-1.0121559,0.26969782,-1.9268843,-0.31818014,-0.04181479,-0.72542226,0.69083416,2.311822,-1.6312063
-1.4900249,0.21895097,0.99155676,-1.4158484,0.43569273,24.563225,1.5600681,0.515731,-0.7907625,-0.5486205,-0.60955554,-2.2033744,0.8586572,-0.28152114,-0.48772392,0.235584,-0.26507497,-0.24032366,1.8819804,-0.7209334
-0.26720825,1.0480708,0.22128686,1.1443169,-1.4518671,15.6427965,1.0234445,-1.2056718,-0.64757466,0.59671146,-0.23663783,-1.2848988,0.9972068,0.75885105,1.3525779,-0.47348112,-0.6144878,0.20793,-1.079327,1.1246278
-0.22217757,-0.7025028,-0.51700926,0.80612284,-1.991437,33.414066,-1.015808,2.5718699,1.2848785,-0.2514242,0.8508171,0.89584225,-1.0115575,-1.1199745,-0.30072293,-1.068065,1.9011618,-1.0567532,-1.7942686,-0.59651566
-0.6708609,0.13133883,-1.009834,0.5234587,-1.7685986,15.644625,1.3509574,-1.6842672,0.06956344,0.64164776,1.1892854,-1.2343801,-0.4892099,1.3854171,-1.8729613,1.2690369,-1.5113235,0.8653129,-0.19404073,1.4848597
1.2349236,-1.510942,-0.6343804,0.45664033,-2.0554264,37.335106,-1.4379032,0.13724741,2.3496919,-1.1741471,-0.11703086,-0.30976444,-0.47997758,-0.9280738,0.43379286,0.71438545,1.0470964,-0.13744587,-1.2513282,0.81221884
-0.23713474,-0.065713435,0.05191515,-0.49789727,-0.83676475,43.579834,-1.7692075,0.42663506,-0.9233225,-0.4067628,0.23491299,0.3316604,-0.213428,0.760875,1.5977623,-1.4982072,0.3634147,-0.975626,1.306181,-1.4127195
0.28789845,0.20060198,-1.1538221,0.46835658,-0.60677373,13.377061,0.6231084,-0.5270661,-1.6502094,0.8435821,-1.3351178,0.46966392,-0.9692851,0.44488132,0.05634126,1.5025852,-1.1868012,0.77945524,-1.7716278,1.9137855
1.3599463,0.7424679,-0.6516363,1.9836645,-1.661155,29.064241,-0.80178124,-0.3029438,1.9548705,-0.10636881,-0.3832382,1.0025438,0.019420648,0.06644363,-0.15776865,-0.122276545,-0.11005376,0.6568098,-0.66614604,1.0020378
-1.444616,2.540542,1.7376449,-0.96542484,-0.19212332,33.097576,0.107674986,-1.8630338,-0.39935005,2.57224,0.28596884,-1.2858644,-1.7112699,-0.48718676,0.62237805,-0.2868232,0.9627993,0.0028132808,0.010799278,-0.10145271
-0.7663475,0.5128641,0.8624944,-0.5349719,-0.536888,30.384632,-0.71128446,-0.42697555,0.81770086,2.1819847,0.26374194,-1.757737,-1.7184416,-0.040834427,-0.12743333,-1.5403224,1.1798207,-0.83361614,-0.23238237,0.32635072
1.4827516,0.10754885,-0.44821468,-0.3761172,-2.4330359,26.41368,-0.12110635,0.7746663,1.1547303,-0.36171696,-1.3461143,0.28004345,-0.0006709635,-0.9139082,-0.9802052,-0.24960807,-0.016365416,0.52130824,-1.0146241,-0.119986795
-0.31761894,-0.87376326,0.54954076,-0.9866268,-0.80849,28.406815,-0.7827934,0.5901517,-0.29875588,-1.0089952,-2.2756953,1.0744485,0.31540537,-0.9596171,-1.4578809,0.70626,0.21682023,-0.7036637,-0.45393932,-1.4638357
0.7821103,1.2040396,-0.41623038,0.8910339,-1.1771142,21.731314,0.4323474,0.0006321768,-0.8593885,-0.6469362,-1.1038927,0.6328654,1.591316,-0.17251623,1.1019787,0.58424085,-1.4401886,0.542232,0.4954998,-1.410719
-0.73818517,0.75584763,1.1909993,-0.664401,-0.15918314,31.544949,0.0818771,0.04003378,-1.1298478,-1.0776454,0.10910653,-0.29097432,0.74125123,-1.2351156,-0.62673384,0.47705275,0.21650705,0.64740306,1.8021502,-1.317791
0.5629487,-1.4843938,-0.004206622,0.08725267,-2.3483694,35.66623,-0.49639818,0.07999026,1.844434,-0.010899223,1.8776131,-0.68418944,-1.2172457,-1.6794521,-1.1699115,0.697067,1.1164097,-1.217291,-1.1695769,-0.119777925
-1.0684144,0.06861045,0.3266017,-0.14819476,-0.39313644,30.928253,-0.50623226,-0.56255585,-0.7366023,1.7607592,-0.12604196,-1.7441596,-2.3425717,-1.210564,2.2806132,-1.0153513,-0.2431167,-0.72409403,-0.16438384,-0.19632296
-0.16286486,-0.9108915,1.308182,-0.7529044,0.29135674,27.872349,0.63866776,-1.0869839,-0.18205655,1.4957228,0.3199606,-0.713584,-1.8827244,-0.6051355,0.18893307,0.30254155,1.4329934,-0.5747927,-0.17336844,-0.71455324
0.71245015,-0.3838701,0.45461798,-0.17478,-0.9374374,37.267357,-1.0313199,1.031183,-0.84027886,-0.4542969,-1.2945541,0.9461637,-0.4098906,-1.6254221,1.9596573,0.50627023,1.2975458,-0.9584067,0.6053761,-0.6750446
-0.37007216,-0.34126088,0.5470265,-0.86783427,-0.6235091,30.35563,0.27227965,0.39097923,-0.24461868,-0.08003457,-0.6899599,0.13791044,0.37155196,-1.2717335,-1.1796191,-0.360783,-0.3224685,-0.3453294,0.3444323,-1.363874
1.2622336,-0.3091936,-0.63178146,0.030688144,-1.7087625,28.995613,-0.51205343,0.8526024,0.34203574,0.011986459,-0.59820735,-0.7599459,0.67983615,-0.020122137,-1.1763188,-0.25869983,0.45996323,0.71106255,0.04133137,-1.3647246
-0.6234522,-0.24327222,2.479464,-1.1144458,-0.30276662,21.545038,1.6379883,0.59986174,-1.564701,-0.07514532,-0.4849419,-1.2714099,1.1644028,-0.86360824,-0.39178684,2.9249508,-0.5800018,0.15307489,-1.0164975,-1.125325
1.0212938,0.5844004,-0.89689463,0.36133054,-0.91419095,21.397562,0.7538102,0.8078867,-1.2245283,-0.4158588,-1.530158,0.01653937,1.4163748,-0.6432753,1.5943773,1.1356486,-1.6106495,1.0863241,-0.87680775,-1.4286522
0.94508123,-1.2746109,-0.9734187,0.2330808,-1.7859727,35.94808,-1.5234543,0.36354822,2.4789429,-0.6757746,0.8144683,1.1065798,0.44444215,-0.61274207,1.723339,0.8400176,1.5469381,-0.33125192,-0.787536,0.0778935
-2.392727,0.75172967,2.1878254,-1.3333592,-0.5665615,26.917036,1.121269,-0.14917421,-0.5707098,-0.28638312,-1.7219609,-2.137027,-0.01616766,-0.4423631,0.04528979,0.04741872,-0.5534464,0.07220054,2.6205657,-0.84711915
1.6058841,0.0111105535,-0.14035043,0.32059652,-1.7999628,36.76585,-0.86878085,-0.35827667,-1.6835381,1.1615025,-1.1770797,-0.2588548,0.49138623,-1.0319192,0.11034001,-1.1203822,0.63513386,-0.8296518,-0.122038886,-0.03760883
-1.7478275,-0.071910925,1.3238674,-2.1272206,0.107450284,30.16224,-0.42458442,-1.1960223,-1.5312665,-0.44519845,-1.1533927,-0.08514876,-0.3127439,-0.7335517,-0.6089164,0.19441177,0.15739782,-1.1506706,-0.30909485,-0.40378496
-0.44810966,1.0433663,-1.0720528,1.559682,-0.10390277,14.85969,0.96405345,-2.4826562,0.16672364,1.6778259,-0.054237563,-1.5340533,-0.8715216,1.4958525,0.85652184,1.4508406,-1.9250308,3.3157651,-1.655344,1.5815549
1.0620483,-0.23501255,-0.15950443,0.19035253,-1.3721803,34.52821,-1.0766367,1.069746,2.0743468,-0.47926942,1.1656414,1.246768,-0.13328208,-1.0508296,1.080326,-0.6017588,1.2254388,-0.6889197,0.6942444,-0.16695054
-0.6919643,-1.4458458,0.69906163,-0.70193064,-0.36797705,29.171268,0.7626586,-0.15635231,-0.32280737,1.0540324,-0.38614684,-1.8365041,-1.745063,-1.1493013,1.2052664,-0.47897437,0.07219497,-1.7746692,-1.4409593,-0.42616987
-0.38927853,0.025807546,1.1237841,-0.9152569,-0.42123324,30.54137,-0.6797471,0.4970606,-1.5334487,-0.87946975,-0.8936693,-0.28019413,0.83765596,-1.2861933,0.53586847,0.4154329,-0.37279454,0.28429237,1.9523647,-1.6840163
-2.0169394,1.1788987,2.1195052,-0.9359585,0.2941611,22.89353,0.8046054,1.8285253,-0.9487267,0.28680936,-0.8912043,0.050202366,0.07660691,0.719331,0.77219504,0.87301576,-0.5130453,1.2561736,0.29059982,-0.85712355
-1.0004762,-0.3058388,0.14742546,-0.7386348,-0.4892866,25.306648,0.02901886,1.6316855,1.0461823,-0.22389853,0.73712945,-0.49659547,0.89607483,-0.46741235,-0.15894456,-0.22326623,0.49644604,-0.8618076,0.27453145,-0.13136193
0.22485432,-1.0481627,0.33663192,-0.5652221,-1.8943565,33.98869,-0.7834147,1.480803,-0.7487901,0.13260011,-0.9036228,0.8787362,0.42417282,-1.7925898,1.250463,-1.0789491,0.1675782,-0.37585455,-0.62604076,-0.08718402
0.15474129,0.9293801,-0.7585412,0.04498888,-2.4592488,33.284195,-0.8471363,0.6811837,-1.164552,-1.4090786,-1.0641588,0.1477379,0.70237845,-1.0404718,0.849867,-1.9153018,1.0096328,-0.1864548,0.46898824,0.006416456
0.21646513,-0.6989549,-0.5194227,0.9129038,-1.48793,19.123554,1.348496,0.7684601,-1.4521791,0.45456603,-1.101743,0.5219051,1.8123684,-1.0330805,2.3656807,0.6683321,-0.8187611,1.7150807,-0.4688348,0.13932098
0.45641926,-0.95984817,-0.38515392,-0.6588321,-2.1523204,32.720512,-0.70426106,0.6639778,-0.56339777,-0.5434361,0.37982684,1.6987965,0.23926513,-0.7921322,1.5361468,-0.70544827,0.983159,0.3792254,-0.028880695,0.4646965
-1.6897557,1.2145569,1.4710873,-2.0179424,-0.2547128,19.341295,0.550155,0.10789985,-0.93625194,-0.3482956,-1.4747417,-0.4492063,0.9181356,-1.1515862,-1.0193384,-0.10346944,-0.11686494,-0.17228496,2.3848507,-1.6200684
-0.68792486,0.9278249,1.3660899,-0.77054644,0.3741208,28.729292,0.84643346,-1.2701004,0.80134,1.1443518,0.23931213,-1.3105981,-2.203465,-0.23887737,0.9471459,-0.36312172,0.1753983,-1.8294288,1.1674186,-1.1449333
0.70896995,-0.14375354,-0.7576002,-0.43360314,-2.1983478,27.836529,-0.76027584,0.9810992,0.33909133,-0.06885795,-0.046144236,0.81778914,2.086925,0.3212933,-1.1629915,-0.80445373,-1.049567,-0.41510385,-0.43330455,1.334937
-1.033284,0.070004776,0.7458364,-0.97168195,-0.17366984,25.536282,-0.20664652,1.0936152,-0.77535015,-0.7147842,-0.29635975,0.5291121,-0.9944626,-0.55414474,0.4081891,0.34710044,-0.15629746,0.1631974,0.6364658,-0.40321007
1.0824018,0.07291242,-0.18405323,0.13810675,-2.2721043,25.58131,0.6300223,-0.0343617,0.5726921,-1.1852038,-2.3749979,1.7000432,1.1824203,0.47567445,-0.053930517,0.21431297,-0.60485655,-0.680096,-0.30167493,-0.07922519
0.79374367,-0.61965615,-0.2883168,-0.17341076,-1.6283386,31.172298,-0.84760475,-0.6158248,-0.9845751,-1.0827683,0.17987892,0.5382931,0.56133056,-1.2248027,-0.73626906,0.036547307,1.0366476,-1.1377016,0.3320302,0.5672383
-0.34854174,-0.61587965,-0.4554654,0.3443923,-2.8469326,33.13383,-0.34571645,1.4796723,1.7787853,0.38003337,1.149418,1.6722472,-0.60737795,-0.6234375,0.2976206,-1.3089073,0.74439496,-0.046465598,-2.0450618,-0.2449622
-2.339551,0.9933331,2.1227772,-1.3582628,-0.3213447,27.20333,1.03908,-0.15405902,-0.5606048,-0.511631,-1.4285486,-1.855265,0.26027256,-0.17104656,-0.27577507,-0.27087975,-0.6492664,-0.008372912,2.5093076,-0.84250087
-0.29988983,0.36611125,0.32768673,0.16176468,-0.013411818,26.145891,-0.9992057,-1.4649981,1.154744,2.1305122,-0.07053336,-2.5282423,-1.8952072,-0.6255748,1.162547,-0.32043165,0.9001815,0.11911031,0.55725837,0.62759006
0.88861257,0.7121862,-0.7227114,0.052585818,-0.83452153,13.991793,1.3192692,-0.25071752,-1.1142292,-0.41084388,-1.2196858,0.5673964,-0.6693952,1.5257329,-0.114091024,2.0526965,-1.7998047,0.58129156,-0.49083713,1.8438606
-0.22375347,1.0998186,-0.510756,1.707346,-0.6051911,11.446053,1.4435619,-1.1543897,0.5027619,0.008329958,0.91738904,-1.3180138,-0.72749794,1.0677817,-1.7670492,-0.43217924,-0.89718664,2.7566545,-1.7404041,1.1052308
-0.68887687,-0.9099589,0.85900056,-0.2665814,-0.99370366,31.283733,-0.040062156,-0.098600075,-0.57404655,-1.2251393,-1.2613926,0.13251612,0.21725176,-1.9715675,-0.34526634,-0.24142827,-0.42366335,0.16748314,1.9920229,-1.4170121
-0.48966485,0.21999346,0.9774903,0.30609486,0.8502868,31.784723,-0.035763253,-1.1445653,0.87873685,2.1171021,-0.4119095,-1.0875096,-2.412724,-1.0928675,0.8847747,-0.98783535,-0.45378074,-0.8037968,0.63596696,-0.013176039
0.76682633,-1.3840704,0.19631647,-0.9714045,-2.0453298,33.068882,-0.08135277,-0.3053947,0.75194657,-0.80143726,-1.4862014,0.7595921,0.53367674,-2.4004781,0.7382394,-0.94811547,0.036444187,-0.779479,1.1636906,0.11620242
1.37338,-0.00655662,-0.954285,1.7881707,-0.2505166,24.38293,0.31699196,-0.51521415,-0.3050509,0.27077407,1.0463197,-0.918188,0.64377666,1.1686975,1.9607201,0.7840491,0.8038112,0.6713409,-0.33536744,0.7943336
2.7444344,0.4455129,-1.2808851,0.66165155,-1.8188797,30.176176,-1.1268946,-0.02085483,0.32171088,-0.75550675,0.122095056,0.08678629,1.9942861,0.6675634,-0.83123183,0.7980612,-0.05438928,-0.8941227,-2.2310154,2.3089342
-0.63886505,-0.7806136,-0.16413242,-1.1253858,-2.1941068,35.085228,-0.7332633,0.49810857,-0.79342043,0.18309951,0.2998235,-0.168977,0.020653613,-1.2546798,1.8130202,-0.24891557,1.5033925,-0.9695802,-0.31173587,-1.0180597
0.36461192,1.2502868,-0.6982541,0.6627931,-1.3167704,36.758926,-0.8919686,0.91490096,1.4154816,0.07778362,0.09782329,0.9381417,0.9587997,-1.2536458,-0.21903168,-1.6526407,0.89961725,-1.2689241,-1.1560975,0.58065534
0.24567874,-0.1557381,-0.02893026,-0.45096776,-0.79599136,18.773504,1.9238621,0.48222885,-0.49882448,-0.31090835,-0.88096637,0.46386793,0.55679625,0.28256732,0.011778208,-0.41188562,-1.2364511,1.5866938,0.9844321,-0.10979277
1.2981625,0.1996615,-0.8381978,-1.1543654,-1.7829688,33.611034,-0.9238344,-1.2591178,1.1668024,1.4772893,1.0219223,0.20751876,0.051500745,-1.0837184,0.4790744,0.42453855,0.6901383,-1.6831161,-0.94475955,-1.1674554
1.6289941,-1.1244482,-1.3481023,1.1195384,-2.023781,29.728945,-1.0914458,1.4993411,0.24425754,0.29338816,1.8695073,0.89334315,1.4026053,0.21096893,-0.8317921,-0.6257148,0.9591405,0.5779284,-1.5281332,1.1833369
-0.35182244,-0.041971717,-0.094120994,-0.1463464,-1.0283121,33.501484,-0.56939024,0.22553878,-1.3206311,-1.1762924,1.0084976,0.769181,-1.050879,-1.1451887,0.1622459,-0.6904244,0.5538888,-1.0994595,-0.45960543,-0.25603434
0.9664104,0.34817845,-0.75760365,-0.44629887,-1.5938858,31.880959,-0.9943946,1.3381197,-0.22936971,-0.95079195,-0.37001026,-0.021315264,-0.026433822,-1.3843699,0.31371167,1.0603418,0.583664,-0.5967065,-0.041848317,-0.24106285
-0.7950065,-1.0431236,0.89876825,-0.090411454,0.15846078,25.600302,0.48761374,0.44652873,-0.7494697,-0.343174,-0.047785748,0.042788062,0.6043964,-0.67828405,-1.8730091,-0.18712685,-0.61837155,-0.5318202,0.29034427,-0.666886
-0.8399198,0.39100564,0.89419955,-0.59545743,-0.82306516,30.305567,-0.59129643,-0.5701987,0.87545025,2.262638,0.47008964,-1.7555438,-1.6232831,-0.16623347,-0.3051242,-1.5899941,1.0533731,-0.5848411,-0.16528612,0.33129236
0.9403426,-0.66935265,0.47630757,-0.8309494,-1.3054595,39.76252,-1.7190701,0.95441765,-0.27822864,0.10648787,-1.9442203,-0.1797357,-0.3709841,-0.30828786,1.736734,-0.5329719,1.5828742,-1.7796861,0.94323575,-0.94630104
-1.2243992,0.9896744,1.2654899,0.32988003,-0.21281755,15.053319,0.61944336,-0.73545855,0.55045867,0.22508001,0.39668483,0.08188053,-0.8558812,-0.47314084,0.36716977,0.8571096,-1.4343425,0.32577804,0.8778884,0.95713055
-1.1494005,-0.19205451,0.4127023,-1.0752172,-1.2572597,37.157326,-0.9946976,0.5025191,-0.6221682,-1.1811299,0.035319883,-0.27122888,0.37033197,-1.0918494,-0.49021837,-0.22533047,1.5498722,-0.62231696,0.42054203,-0.7897654
1.2590718,2.4354513,-0.6933976,0.76961213,-1.1662245,11.146792,3.0237556,-1.6846632,0.87964135,0.4409082,1.023531,-0.20728342,-0.25625584,1.0363387,-1.0708638,1.4249498,-1.2721281,0.9209651,-1.0944504,1.5103437
-1.8664573,0.010620583,1.7033079,-1.0350534,0.08243378,22.861141,2.2798104,1.2673429,-0.8244878,0.14036249,-0.3804794,-0.17612734,0.6438078,0.0077738985,1.845711,0.5847898,-0.32244918,0.4561387,1.0449935,-0.16990125
0.50028133,-0.7061266,0.11194495,-0.55988044,-0.5141854,28.27105,0.28852195,-0.009904187,1.7728634,-0.85570914,2.0327172,0.06750663,-1.0257686,-1.0138472,-1.3740246,0.6174338,-0.8890672,-0.62623876,-0.15482081,0.33522666
0.8238384,0.41195083,-0.8873722,1.0174282,-2.4835842,31.038471,0.0054691033,0.965965,1.3476853,0.008546992,1.4722357,0.24176274,-0.194092,-0.9779446,-0.45919302,0.48258206,-0.21312363,-0.09308497,0.16576831,0.2575071
1.052803,0.5671452,0.35288057,-0.5112178,-0.29316732,29.427792,-0.62615156,1.249604,-1.0885842,0.05976404,0.29308102,-0.09575838,-0.8126597,-0.68055177,0.9681241,-0.6596571,1.2712969,-0.9942431,-0.490116,-1.0265278
0.30841947,1.1883997,-0.8512164,1.0197397,-1.2784504,36.36472,-0.7500393,0.9838315,0.8366884,-0.13705985,0.5834134,1.6367161,1.1750034,-1.277865,-0.40746287,-1.0700262,0.8164972,-1.1492236,-1.0060524,0.41316983
-0.012188959,0.9790505,-0.76401746,1.276038,-0.6169619,11.905081,1.3203241,-1.2916676,0.48739055,0.20460981,0.4031961,-0.94157696,-0.31567326,1.1318861,-1.4036896,-0.43895093,-0.99376756,2.2722082,-1.8559031,1.2482693
0.27571324,0.31942743,0.17152686,-0.34029293,-0.24959993,18.492966,2.0275817,-0.7759424,-0.90992594,0.18013628,-0.6361585,-0.1970084,0.4517741,1.5104876,0.51093143,-0.31596228,-1.0804986,1.1262017,-0.20037386,-0.27733636
0.6956948,0.49487334,0.049780343,0.5244281,-0.5655425,17.047123,1.5443627,-0.7262276,0.23309325,-0.44867635,2.82906,-0.28052777,-0.911386,0.75817436,-0.3392612,0.81101453,-1.2661359,1.2265424,-1.6867398,1.5739639
-1.0560338,-0.29839724,1.4890234,-1.7850957,-0.16239247,22.289297,0.87175244,-0.11926002,-0.98837554,-1.2985024,0.82871926,-0.8093277,0.15727009,-0.46707436,-1.0997679,2.1399953,-0.43541256,0.5029495,0.06466005,-0.8272874
-1.5532008,0.6056902,1.3209524,-1.440297,0.43225944,24.49848,0.7719023,1.7140646,-0.7579996,0.33014002,-0.57647884,1.2273448,-0.5352087,0.08312042,0.58400625,1.1248753,-0.06571394,0.70079345,1.0413853,-1.0274999
1.5044266,0.64836466,-0.5868064,0.7222789,-1.9583429,25.761415,0.5830641,-0.57880056,2.8026977,-0.18017969,-1.296518,1.5867875,0.6422217,0.09085308,-0.06803315,0.054696057,0.08505794,0.3041828,-1.7560691,-0.064676866
-0.16462491,0.6173326,-0.8286435,1.6170177,-0.1620869,15.90418,1.7262778,-0.61993134,-0.222945,0.2624065,-0.2981327,-0.9549763,0.04599489,-0.49411768,-0.13904458,0.11283252,-1.1929069,0.7155159,0.5970155,0.3695303
-0.6401026,1.116816,0.57623404,0.7415411,-2.1799307,34.629856,-0.6665656,1.8075306,-0.8674085,-0.4843794,0.132234,0.9485284,-0.24121608,0.40651983,1.6377525,-1.4069104,1.7997268,-0.30103156,0.22291805,0.34014428
-0.40019965,0.37916166,2.5674589,-1.4869416,-0.4852145,26.072021,-0.08837479,-0.10881047,-0.5551938,-0.21535525,-0.07404563,1.0006121,0.046427496,-0.25937036,-0.9414509,0.020939648,-0.78949434,-0.8258766,1.1588111,-1.8319253
-0.78473115,-0.31881058,-0.1273102,0.30411497,-2.5612626,34.551643,-1.159363,1.2879739,-0.932221,0.2175537,0.099104114,0.9678299,-0.01021687,0.8129042,0.83476526,-1.5176439,1.7644235,-0.18598685,-0.4110943,0.077302955
-1.9473513,0.6229636,-0.63267374,-0.073403046,-0.6522882,25.133795,1.015647,-2.497852,-0.15325804,1.6176336,0.32609707,-1.7626324,-2.303493,-0.6148693,1.2503127,-0.24189183,0.87376213,-0.60368496,0.7168335,0.6605942
-0.1450393,-0.09997465,-0.004187774,-0.06338723,-1.0474662,41.28436,-1.4651945,0.4548611,-0.47306427,-0.3645905,-0.11980492,-0.39625975,-0.25050223,0.15782684,0.81687075,-2.1442902,0.36081934,-0.6129174,1.2544663,-1.9285649
-0.73512477,0.63354015,-0.2664494,0.3429718,-0.48415148,25.99344,0.20836781,-2.010044,-0.13140498,1.934189,0.46989873,-2.0444522,-1.3813775,-0.60626954,1.4635754,-0.81869185,0.7773755,-0.07176466,0.70927703,1.4940192
-0.4009372,-0.045587603,0.68346375,-1.5736948,0.15836388,30.064703,-0.2004075,-1.3368744,-0.15128407,2.7461991,-0.47407997,-1.0607203,-1.279698,-0.33262622,-0.470506,-0.32203737,-0.117994376,-0.25951824,0.8408245,-0.6980257
0.4312036,0.5343166,-0.9761609,-0.13755794,-1.4375179,34.411446,-0.43280327,-0.19092816,0.9006503,1.0220011,1.4116585,1.590642,0.83617944,-0.78472215,-0.35553527,-0.17517334,1.0433128,-1.1087867,-0.080105074,0.3505719
-0.6731182,-0.08347381,0.4935162,-0.51861376,-0.63438404,41.92902,-1.5858855,0.14340907,-0.6698182,-0.64679337,-0.14856736,-0.18833023,-0.57289743,0.5555353,2.272879,-1.5636934,0.6374027,-1.1293,1.582638,-1.0935187
-0.7116923,0.11054028,1.073878,-0.7433657,-0.53165305,31.70012,-0.27650136,0.055842955,-1.2263701,-0.5714777,-0.28505263,-0.060952596,1.3558486,-1.232746,-0.30207717,0.7680127,-0.16622026,0.6626051,2.0960732,-1.3304908
2.26583,0.24596827,-1.0942987,1.914771,-1.1664103,25.398039,0.28701836,-0.31579348,0.23625775,1.2037438,0.65210575,-0.08708509,0.3482949,1.1011071,0.9987153,1.1519254,0.32685426,0.5191604,-1.5624014,0.9167558
1.3391228,-0.5744034,-0.36712807,0.45713967,-1.3318475,30.294292,-0.7706463,1.0503209,0.9335568,-0.17737271,-0.6052589,-0.21085533,0.8965684,-0.5714208,-1.511758,0.020782806,0.7096236,-0.11891173,-1.1184778,-0.45497125
-1.2761511,-0.328926,1.852243,-1.9833847,-1.4267828,29.684948,0.8555364,-0.13644437,-0.5122317,-1.2151319,0.30470383,0.134001,-0.3023023,-0.97978246,-1.9171599,0.44432783,0.35883865,-0.3811011,0.7001682,-0.7768887
0.40949652,-1.2357606,-0.75586736,-0.15789528,-1.5789931,24.853779,0.21444319,-1.3198113,0.41892147,0.11214976,0.8161411,-0.6679069,0.12292706,-0.93855304,-0.9104286,0.5823594,-0.06682237,0.039798576,-0.62365806,0.17841458
-0.43792918,1.4009149,-0.3671576,0.753998,-0.5913397,12.337317,1.778539,-1.533005,0.21090895,0.15083012,0.532241,-0.3294796,-0.76719016,1.0915729,-1.0423459,1.1067562,-1.166882,1.966053,-0.80046445,1.6003482
-1.6220133,2.1989086,0.89643234,-1.1486964,-0.5606388,30.90667,-0.34777126,-0.9787711,-0.4909162,2.1676598,0.46175846,-1.4337044,-2.1613042,-0.45731774,0.47072104,-0.19560832,0.7382317,-0.5342534,-0.1369479,0.23155144
1.9009748,-0.5880877,-0.22142376,-0.6966304,-1.3162681,29.366795,-0.43332413,1.8077128,0.96719706,-0.6071378,-0.0028182673,0.59753597,0.4479017,-1.2710421,-1.1825943,0.2034738,0.086443044,-0.8486577,-0.295578,-0.33951542
-1.556661,0.2081094,0.10189241,-0.46905786,-1.262566,32.91894,-0.67465067,-1.3060519,0.32564846,1.8175977,0.3567964,-0.42950612,-1.5518359,-0.19086221,2.1468635,0.39016744,0.6643088,-0.55296123,0.6520227,-0.3779189
0.62323743,-1.1094075,0.23770316,-0.53210974,-2.4759238,25.595392,0.19635668,0.36747438,-0.98831815,-0.1774926,1.4396753,1.2834343,-0.30766287,-1.463955,-2.7709832,0.41683245,-0.4153442,-0.6079253,-0.42020592,-0.3028745
-0.69345504,-1.4156609,0.6944279,-0.7213182,-0.366028,29.148201,0.7734474,-0.13612966,-0.33420563,1.1024085,-0.45243323,-1.8461416,-1.757216,-1.2073605,1.2109003,-0.45625666,0.052162454,-1.7955065,-1.4105012,-0.46912858
-1.8347006,-0.32622054,0.5406608,-0.2194869,-0.929003,31.170576,-0.02877774,-0.93715775,0.47613838,2.6155643,-0.33263066,-0.35511994,-1.4157509,-1.3068733,1.0335997,0.33163887,1.1110576,0.7728253,-0.5022287,0.23978241
1.3737994,-1.5763541,-0.66913027,0.3746811,-1.9869651,36.972195,-1.4452038,0.14800192,2.3440268,-1.2385509,0.0011974898,-0.37349117,-0.4848783,-0.90183794,0.56144845,0.6499797,1.0907307,-0.054286476,-1.1608392,0.7553631
-0.06975879,-0.6833289,-0.5863485,1.148011,-1.8262314,23.468452,-0.52746755,-0.71394,1.0758877,0.36426845,0.431439,0.01929463,0.35512388,-0.23533747,-1.0837203,1.4392229,-1.0697145,-0.016883004,0.30755755,1.0721854
-0.56144494,0.606494,-0.38472065,0.33168596,-0.49372408,12.007949,2.2298107,-1.2443256,0.26048595,-0.22359426,0.5966128,-0.9418328,-0.3000585,0.8701569,-1.7281677,0.513497,-1.3846408,2.1857145,-0.30127394,1.592735
0.5081649,0.4901576,-0.48378038,-0.5000213,-0.8010434,12.990403,1.5093328,-1.4046582,0.49803805,-0.50858796,1.2693893,0.009276421,-1.3794202,0.15158466,-1.718385,1.3374395,-1.3982345,0.5457953,-0.47656068,0.17547293
1.3133284,0.49348053,-1.259653,1.9713227,-2.2101696,27.772505,-0.5057677,-0.22266234,1.1655906,-0.20535475,0.7289063,1.9871969,0.766707,-0.77842695,-0.5380859,1.033064,-0.15641649,-0.74506474,0.0037991365,0.13319027
0.8164046,-0.78212786,-0.2314339,-0.49844316,0.084820375,37.191193,-0.6128212,1.4574493,-1.885488,-0.006715228,-0.94241935,-0.48513633,1.2966751,-1.0331999,-0.061510604,0.5052609,1.0683745,-1.2696354,1.0272555,0.818318
2.0474532,-0.55594325,-1.0119516,0.8695219,-2.3466363,24.567064,0.64369756,-0.57125294,2.1117456,0.41387945,-0.7714111,0.7282495,0.8396578,-0.16718642,0.12098883,-0.48854172,0.07935349,0.5025883,-1.7045234,0.27281743
0.65536374,0.9556691,-0.86647075,0.51286405,-0.81676024,14.45451,1.3241825,-0.2532302,-1.0126575,-0.26091373,-1.0578763,0.8705928,-0.8538586,1.1474085,-1.0817581,2.2830422,-1.6448607,0.6426433,-0.5340444,2.1110842
0.8884381,-1.1084965,-0.12877738,0.32269633,-1.4211103,30.669775,-0.15664911,0.3763201,1.0127134,-2.1183321,1.3028861,-0.18851022,-0.091040894,-0.76214385,-0.6392264,-0.51397127,0.24886954,0.54719085,-0.52937126,-0.42196572
-0.32906288,-0.41972476,1.1874216,-0.36490712,-1.1701052,39.255352,-1.2263795,0.45888883,0.23782694,-1.28055,0.38582563,-0.085213855,0.28150243,-0.48503137,0.14767238,-1.719166,2.153212,-0.043781754,-0.6249177,-0.75065684
-0.1800927,0.39214072,0.08536452,0.8583989,-0.89612067,15.144833,0.8624826,-0.9211172,-0.56131333,0.20095538,-0.83005875,-1.2165538,0.764673,-0.17856024,0.44058213,-0.036760435,-0.99201715,1.1862608,0.22346635,1.4634693
0.24989487,-0.48460886,0.42904148,-0.54647547,-1.1804644,42.522896,-1.570078,0.37775606,-0.53266096,-0.99072576,-1.2223166,-0.5538053,-0.371562,0.44562706,1.5997114,-0.8838217,0.09553452,-1.103076,1.1893746,-1.5331161
-1.2071354,0.48662308,0.92327344,-2.0281692,0.3349009,28.550648,0.019227717,-1.5208423,-0.985832,-0.034312814,-0.1621787,1.4794459,0.41973194,-0.16751705,-0.359661,1.3984567,-0.0349619,-0.059935164,-1.0493256,-0.34627092
-0.6386297,-0.9774552,0.87459993,-0.26089594,-1.0213174,31.13096,-0.09532045,-0.076725304,-0.62993807,-1.280659,-1.3271762,0.17427824,0.13183832,-1.9232519,-0.349512,-0.22700705,-0.39416316,0.12522253,1.9637505,-1.393149
0.26623443,-0.3887112,0.7347626,-0.20958847,-1.1778959,38.101692,-2.1070614,0.73579055,-0.7274434,-0.05120423,-1.2330483,0.34280282,0.16080813,-0.23918854,0.6279661,0.4251773,1.4082147,-1.4554242,1.4819416,-0.9777703
-0.1539872,0.9639097,-0.40833324,1.2711536,-1.2645515,33.991867,-0.5314884,-0.34237167,0.77472544,-0.069718234,-0.020062746,2.1400366,1.2430953,-0.33160922,0.20683634,-0.10536103,1.9110986,-1.0408138,-0.11160064,-0.23971461
0.42094606,-1.4662651,-0.15622807,0.76968133,-2.459294,35.30986,-1.0337037,0.6314466,1.4984587,0.42009982,1.7177786,0.3136625,-1.4047023,-2.3170707,-0.24181898,1.1645379,0.7304295,-1.7559814,-1.0239104,-0.45952964
-0.077481285,0.6543172,-0.46696144,0.3529076,-1.9324671,36.535583,-1.1953858,0.90625066,0.18735813,-0.14033768,0.5731653,1.5563039,1.8818762,-1.0495545,-0.8139121,-1.4365032,0.77386075,-0.8067772,-1.0935318,-0.5745383
-0.9186402,-0.8322442,1.1333199,-0.77236086,-0.47265854,26.800682,1.1777334,-0.15901186,-1.060651,-0.035682812,-0.26291296,-0.55965954,0.19625115,0.41493383,-2.1641662,1.1974039,-1.4515193,-1.1123573,2.1421351,-1.6168857
-1.1001118,-1.0630287,0.07048361,-0.27086833,-1.2738547,27.237123,-1.6345202,0.3402087,1.4546002,-0.5284395,1.0936481,0.93775666,0.23852055,0.11592444,-1.3955115,-0.113449134,-0.7166712,-1.2136475,-0.5070445,-0.43592122
0.63859445,0.6316923,-0.555951,0.83586633,-1.1268078,21.992182,0.1130574,-0.35273618,-0.7484708,-0.652676,-1.2739546,-0.26051575,1.4201443,-0.07506922,0.99212193,0.81880414,-1.3652397,0.633522,0.6134935,-0.88376206
-0.577527,-0.83222747,-0.13238013,-1.1146374,-2.1790018,34.77116,-0.7708471,0.4727212,-0.83630675,0.05414762,0.25879666,-0.14487231,-0.1659258,-1.1511878,1.470328,-0.16223264,1.80491,-1.1575202,-0.3262546,-1.2091606
1.4074692,-0.33669722,-0.29435515,0.31207365,-1.2080238,30.618105,-0.7041176,1.101576,0.7880849,0.13309288,-0.72182894,-0.33169618,0.8033301,-0.45857784,-1.2789935,-0.19356495,0.46182534,0.30613428,-0.4705523,-0.9040336
-0.030484568,-0.3781711,-0.279723,1.0886347,-1.8010068,20.351984,1.273886,0.47394875,-1.3330904,0.385644,-1.1078514,-0.18034795,1.4483436,-0.73592603,0.45947316,0.7813145,-0.60254604,1.2030514,0.037096784,0.8757284
0.6694804,-1.7919967,0.69141,-1.1828355,-1.0644917,32.962536,-0.2009441,-0.4870376,-1.1214287,-0.40559372,0.0030533837,-0.5242444,0.09103895,-1.3097496,1.5204599,-0.9091817,-0.76402897,0.22175854,3.1133966,-1.6784676
0.4767649,1.303853,0.51604307,0.14939335,-0.43019223,34.916016,-0.84610814,0.60628533,-0.90789723,-0.4207865,-0.99040186,-1.2885605,1.0288656,-1.2870828,1.9888767,0.70658505,2.0452368,-0.4792938,-0.14860916,0.12855569
-0.26090088,1.1277863,-0.13484776,-0.67321974,-0.53014505,30.681093,-0.49345443,-1.0859833,0.9458597,1.6340935,-0.13100328,-1.5110515,-1.5990578,-0.7266305,0.9248331,-0.52137035,0.4473795,-0.79799217,0.9730464,0.09551432
-0.8208854,0.13640915,1.1023026,-0.83358985,-0.36421692,31.15873,0.0475405,-0.19108526,-0.8636925,-0.41120476,-0.074868344,-0.5809946,0.9754376,-1.1930177,-0.6105337,0.39071828,0.05069502,0.47256482,1.5945921,-1.2147832
1.6321578,-0.8209779,-1.5552275,1.0309168,-1.7585908,29.587112,-0.8327469,0.7667855,-0.5841556,-0.49197704,1.3389454,1.1130759,1.5480736,-0.07742446,0.6485427,0.04219298,-0.4058833,0.38184285,-1.755573,0.68419313
-0.798888,0.9165161,1.9237576,-1.3433698,-1.1094494,24.68256,0.31048617,0.7347328,-1.3248742,-1.6634897,1.659375,-1.2637061,1.1773117,-0.8970272,-0.7340635,0.62575084,-0.9060504,1.5688516,1.3275952,-1.4183656
0.43351516,0.96547854,-1.0026573,1.4646785,-1.455993,15.426974,1.5432596,-0.086305775,-1.0462928,-0.9821734,-1.4451691,-0.63792384,1.7917304,0.5852756,-0.10521822,1.9824686,-1.4972316,0.2327445,-0.63383,0.23297837
-0.07769041,-0.14078519,-0.7544054,-0.006038622,-1.8298597,28.767397,-0.56325924,1.2183118,0.026905362,-0.02390636,0.79956406,1.5874892,2.62175,0.11310278,-1.5137066,-0.6547223,-0.73487675,-0.43422985,-0.088198766,1.3709071
-1.5943389,0.029095571,1.3867937,-0.50904804,-0.45244986,25.095552,2.248214,-0.83603925,-1.2460226,-0.5411792,0.016617762,-0.6162424,0.18944877,-0.17000943,-1.9340706,1.2325282,-1.290621,-1.4830432,1.7406319,-1.0297604
1.2111406,-1.4155087,-0.81124413,0.93718904,-1.8050485,36.648106,-1.4093701,1.120082,1.827869,-0.31702992,0.13954844,0.6087285,-0.41719046,-0.47065315,0.713903,0.6846304,1.1907434,-0.1062575,-1.2378622,0.8019327
-0.29241702,1.145835,-0.78759104,1.6386303,-0.53898835,12.083031,1.0942003,-1.0732251,0.6256542,-0.06917214,0.78381395,-0.7018192,-0.5786274,1.1807976,-1.4838336,-0.38669226,-0.8210478,2.5660524,-1.7479279,1.4402246
0.05978214,-0.34618637,-0.87914604,0.45534202,-0.81384456,12.117187,0.8635201,-0.5623427,-1.0209011,0.7152623,-1.3913689,-0.043023717,-1.2964234,0.363585,0.2123675,1.2494102,-1.4501127,0.6509277,-1.3605741,2.1969118
0.7174756,0.58360475,0.84913003,0.31732616,-0.24182111,15.984585,1.6396636,-0.04212519,0.3387149,-0.43645963,2.2707567,-0.06524514,-1.0526065,0.4158261,-0.9933485,0.205459,-1.4822885,0.50985765,-1.1192999,1.5585783
1.0183638,-0.6363197,-0.59815985,0.008681166,-1.7202097,26.433107,-0.07214672,0.22362274,0.40983784,-0.69597316,0.57689744,0.46050888,0.13050808,0.12936312,-1.1064068,-0.50658864,-0.08233822,-0.09077339,-0.05794129,-0.78803843
-0.86176705,-0.9105521,-0.34835404,-0.8014022,-1.9249623,36.563187,-0.5679899,0.0008153005,-0.811909,0.12314159,-0.062886015,-0.09533004,0.16303149,-0.6564719,1.4575868,-0.016763736,1.8355304,-1.1421931,0.42116567,-0.31391126
0.72990924,-1.2920349,0.29110956,-1.0116922,-1.9826168,34.111042,-0.68047196,2.0765462,-0.34917206,0.2590125,-1.1734109,1.2550207,0.43909746,-1.7840359,0.87965906,-0.63202894,0.19999035,-0.7150579,-0.10743309,-0.25139183
-1.3574302,0.8399274,1.8038502,-0.71275365,-0.26290298,21.58855,0.8749177,-0.8716005,-1.1772535,0.08101101,-0.27307343,0.16450837,1.6813959,-0.6982764,-0.3636679,1.6704407,-1.0161346,-1.0093904,1.236042,-0.8178291
-0.36659232,0.07605625,-0.6430352,0.4966963,-1.2215626,37.613182,-1.0534943,0.6359564,-1.4210602,1.0857412,-0.7250102,-0.5067995,0.50556076,-0.6872775,0.6261937,0.5628705,1.5126401,-1.2657026,0.6464329,-0.43492064
-1.475703,0.34721795,1.4633527,-1.519234,-0.076599546,24.047136,2.0537965,1.017784,-0.7607088,-0.5063641,-0.7583087,-1.0313268,0.3425695,-0.05478211,-0.09009836,-0.23087117,-0.30375424,1.2580488,1.908818,-0.20090789
-0.807345,0.7123526,-0.63723356,0.7093047,-0.42112792,15.600217,1.3077687,-0.9515232,-1.0750508,0.2363823,-0.70662147,1.0566641,0.8778022,0.4689702,0.2661926,1.9715352,-0.77414346,1.2656279,-0.6451527,2.1199849
-2.4396987,1.4853246,1.6116747,-1.0586748,-0.9572521,25.109364,1.053502,-0.6659444,-0.9664116,-0.21475789,-1.684667,-1.6173828,-0.20319232,-0.96261275,0.13232614,-0.15382199,-0.8101522,0.10594442,2.366868,-1.2246807
0.019245083,-0.8419425,-0.21218914,-0.5383925,-2.3891525,33.01937,-0.6064675,1.1878488,-0.4485961,-0.5343186,0.40467173,2.1726289,0.18778805,-0.7210981,1.7782625,-0.5748202,1.1720339,0.41695246,0.16900745,0.47768182
-1.6336327,0.80191094,1.1057754,-1.9841886,0.58363956,20.146097,0.80215573,0.09972558,-0.8175867,-0.31161898,-1.2465955,0.021844182,0.37750015,-1.3390865,-0.60233957,0.05333191,-0.5021264,0.77053916,1.6177233,-1.2705489
0.21293192,-0.20785014,0.45955846,0.025144305,-1.3951861,38.201424,-2.1003976,0.7033797,-1.1101083,0.00035717536,-1.3553938,0.89465874,-0.47626767,-0.50850564,0.63026625,0.026852205,1.4785874,-1.3543895,1.03391,-0.9327345
0.6982096,-1.1212195,0.51206183,-0.9569859,-1.9663327,34.16359,-0.84239995,1.9883842,-0.26826578,0.2077103,-1.0545707,1.374532,0.43814534,-1.7767965,0.6831723,-0.64456457,0.017493576,-0.75172234,0.06562444,-0.3711169
-1.9263284,1.0294577,1.6921548,-0.90328795,0.42268732,23.295,1.0384377,1.6968104,-0.9952065,0.0507991,-0.791353,0.24880697,-0.28567576,0.58392155,0.4945633,0.8275038,-0.37323037,1.0766442,0.52937436,-0.73259133
0.3598433,0.3979563,-0.15503542,-0.54283416,-1.7654414,19.026684,0.96597517,-0.10046008,-0.8190678,0.48644763,-1.0540175,0.12239571,-0.02617763,-0.5443422,0.42614144,0.6394669,-1.1393131,0.6780809,0.47170246,0.22006655
1.3832343,-0.63703704,-0.5289346,0.4757417,-2.2418308,34.600197,-0.5335857,1.6169665,1.1132287,-0.39621332,0.50421166,0.72004914,-0.89842564,-0.751115,0.3455036,0.14535253,1.6871774,-0.7405019,-0.7915529,0.24360421
1.3500451,-0.43133047,-0.33824545,0.42738605,-1.9179335,28.906385,-1.0316553,1.0090976,0.24645722,-1.0273802,-0.010935848,1.2561918,0.9417315,-1.9080511,-0.52687263,0.22940837,-0.07446996,-0.5027227,-0.34060118,0.12177704
-0.09092809,-0.9998976,0.6662987,-0.6694917,-1.4875202,31.819857,0.025154809,0.17861135,0.2782389,-0.74746865,-1.7562934,0.72353935,0.31652063,-2.412763,1.5016743,-0.7924512,-0.44215438,-0.44372508,1.5155879,0.11954978
1.3550841,0.62647504,-0.5507023,0.5067394,-0.9089574,21.322386,0.4564722,0.4691205,-1.1271906,-0.55996996,-1.4705342,0.33234912,1.3044717,-0.52395517,0.8070019,0.9462754,-1.4907031,0.11839675,-0.008111221,-1.6353096
-1.5374868,-0.18358082,1.4996384,-0.8874649,-0.64969593,27.048103,-0.2678952,-0.18063797,-1.2319907,1.2896156,-1.1653172,1.0500915,0.16802593,-2.1546016,0.28730258,-1.8539624,-0.47477147,-0.71717364,1.1528418,-0.93058544
-0.16811505,-0.5079374,1.5816286,-0.6236155,-1.1953304,32.56722,1.8638906,-0.30098972,-0.488127,-0.96794695,-1.8732516,0.5499336,1.4369255,-0.8517968,-1.5464891,-0.34947458,0.12671687,0.24746639,2.1151266,-1.4531254
0.6620931,-1.5528021,0.4716181,-0.89119756,-0.97800267,32.810844,-0.1917099,-0.40093297,-0.81390065,-0.45203066,-0.16895325,-0.5309049,-0.048337586,-1.0207436,1.0272493,-0.5341966,-0.9358488,0.081242196,2.8737867,-1.5997164
0.3460435,1.35369,0.48016623,0.09649577,-0.5247449,34.407455,-0.772263,0.8814359,-0.99538064,-0.87498623,-1.0445287,-1.0111628,1.4072562,-1.4523654,2.4870617,1.6260291,1.7338582,-0.56424093,0.20698313,0.23984228
0.65778834,1.2373953,-0.8927133,0.51928765,-0.84814197,14.595688,1.3279356,-0.14614217,-1.022848,-0.22868319,-1.0812382,0.7235947,-0.8088191,1.4675869,-1.057674,2.0887334,-1.7169042,0.6358756,-0.38995212,1.9631809
-0.20424809,-0.06320408,-0.31173792,0.8190755,-1.8813931,20.221827,1.4206611,0.19761367,-1.2348299,0.46935326,-1.5917084,-0.07189975,1.3929063,-0.8995119,0.09687469,0.7086348,-0.6399755,0.9403903,0.2519654,0.80400234
-1.4813589,0.9339207,0.9417913,-1.9734488,0.28074437,20.306837,1.2034918,0.34956127,-0.91378534,0.10568175,-1.8721886,0.0029987253,0.13717912,-0.9706197,-1.0285363,0.3319785,-0.43810278,0.2288089,1.5742614,-1.316736
2.0711458,0.49625248,-0.5257922,0.35398427,-1.4890826,35.439255,-1.052959,0.1769092,1.5002323,-0.9500259,2.3034947,1.6747437,-0.5488952,-1.0987813,0.04178584,-0.8535857,0.8198515,-0.7036322,0.6672236,-0.3359417
-1.0625069,1.0065618,-0.44778565,0.7678981,-1.5694828,17.19533,-0.58110934,-1.478662,0.11231864,-0.73156977,0.3154026,-0.83305097,0.46994036,0.35919476,-1.0254608,0.9770607,-1.5236802,1.4318106,0.3724221,0.5715898
-0.75047493,-0.3977611,-0.050501537,-0.9347363,-0.21247591,29.02093,0.9037219,0.102898225,-1.0406601,-0.76591754,-0.5838754,-1.298367,0.034399122,-1.0228554,0.38773137,0.0027599102,-0.7319923,-0.015047679,1.5798516,-1.0924667
0.08537483,1.5054513,-0.20751874,0.1594064,-0.68369764,16.27947,1.6102275,-0.16265458,-0.8011579,0.81476915,-0.2692384,-0.5994495,0.1799421,1.8291208,0.36336654,0.04191598,-1.0840993,0.74110204,-1.3089906,-0.28552312
0.19849849,-0.7169666,-0.7026528,-1.2548221,-1.8234023,24.85942,-0.81345606,0.07621896,0.4401115,0.02187658,0.9919135,0.6323326,-0.39858216,-1.0380743,-1.9128342,-0.042692598,-0.598676,-1.0255764,-0.6444549,-0.68373024
0.078484446,0.44272637,-0.5751844,0.1187095,-1.4944135,36.4858,-1.2544415,0.23769374,-1.6470693,0.295112,-0.31126872,-0.00901245,0.0026261297,-0.041056737,1.2043974,-0.35586715,1.1845493,0.29302207,-1.1026945,0.5054527
0.38090527,-1.2614378,-0.00019964218,0.33833197,-2.3757112,35.553738,-0.7576274,0.49618128,1.852138,0.066697955,2.1924298,-0.09028887,-1.2047409,-1.9395698,-0.33276245,0.9411009,0.8067745,-1.3425777,-1.373053,-0.27538803
-0.25416532,-0.20568989,-0.50107634,0.5907608,-0.52745634,13.424454,1.9659851,-1.558857,0.02462203,-0.35251144,0.91612464,-1.0126106,-0.2153569,-0.93187827,0.1831631,2.104591,-1.8597578,0.8852752,-0.32276946,0.17362826
-1.0779316,0.09873181,0.23666328,-0.73564833,-1.2721055,32.570766,-0.9941912,-0.76648074,0.7827219,2.6606357,-0.30092123,-0.7452866,-1.8516586,-0.31398684,2.5631542,0.32233968,0.71719646,0.07888692,-0.35594133,-0.4858613
1.5359583,-0.50181335,-0.4310033,0.24328496,-2.055807,27.496843,-0.7041536,-0.5278284,0.3679196,-0.16366115,1.4535836,1.417004,1.0394791,-2.123462,0.2864027,0.3199839,-0.36712128,-1.0925857,-0.33164456,0.5417679
-0.73463416,0.00893999,-0.8656935,-0.51614404,-0.9017447,36.264343,-1.2366531,0.90138483,-0.9151635,0.42485803,-0.14388068,-0.69029105,-0.075945996,-1.5329652,0.65058595,1.0821605,1.656495,-1.2891077,0.61926293,-0.37251866
-2.3944628,0.8493777,1.5959805,-1.3266878,-0.83564186,23.46265,0.65384245,0.091358185,-0.7024368,0.01911095,-1.1123648,-1.4649731,-0.58960277,-0.63046,-0.71657014,0.11587702,-0.682777,-0.39611006,2.4522622,-1.4253035
-0.063259795,1.1296151,-0.5733399,0.43049005,-1.3477097,32.64176,-0.9848097,-0.3751623,1.0823007,0.7150726,-0.22156769,1.6997586,0.869295,-0.5826856,-0.19891253,-0.375664,2.087276,-1.36326,-0.43341708,-0.16881405
1.2323205,-0.5551455,-1.0835205,0.695423,-2.57083,34.07415,-0.17515291,1.3826333,1.2718141,-0.11129816,0.96651703,0.69762236,-0.7834029,-0.8244675,-0.6068747,-0.05054797,2.1476972,-1.4574083,-0.94705135,-0.67255676
0.41788632,1.07125,-0.036288995,0.18781753,-0.7257155,15.719373,1.6527597,0.15908766,-0.84382343,0.5846597,-0.6601893,-0.6257789,0.24728264,1.8933702,0.6319001,-0.32515335,-0.78420365,0.7520366,-1.5114632,-0.12515162
-0.8756215,1.1037468,-0.3236165,1.0812521,-1.766311,16.543478,-0.28768346,-1.6882187,0.16619085,-0.57094544,0.64836264,-0.69675267,0.23524033,0.58679724,-1.1267725,0.87583953,-1.4672606,1.7304139,0.5038764,0.73062986
-1.8232479,1.3704535,-0.38316616,-0.016093316,-1.2199118,16.000397,0.8463886,-0.91732764,0.22398688,1.1766986,1.2208903,-0.40829337,-0.69334364,0.17763847,0.59444106,1.6336505,-1.1993945,0.5667677,0.53280383,0.057151657
0.49269366,0.40323457,-0.34823525,-0.41651672,-0.73472744,13.193024,1.653852,-1.459978,0.060401198,-0.35608235,1.0763786,0.16709602,-1.5797521,-0.06614721,-1.7208841,1.7043964,-1.4625483,0.553287,-0.40619764,0.24371307
0.14518663,0.2805136,-0.8009472,-0.15954347,-1.368574,38.885353,-1.8056281,0.39827365,-0.6831517,-0.5209002,-0.4457776,-1.161486,-1.0795605,-0.31969622,0.07825089,-1.7917674,1.5725927,-1.1259899,1.1300639,-0.37981957
-1.1873223,0.2685658,1.284419,-1.7329131,0.36358258,26.406364,0.40059173,-1.1110191,-0.78475523,0.30332002,-0.70872265,-0.28261057,-0.2788017,-0.33594614,-0.9573879,0.78186345,-0.58436203,-0.46277365,-0.22754256,0.23305866
0.82752234,-0.33184883,-0.009472463,-0.71107066,-1.9019536,33.29914,-1.4142426,-0.037793268,0.65171045,0.54907614,0.53538084,0.79701614,-2.1634028,-1.0438051,-0.7468905,-0.060192477,1.373326,-1.2968382,-1.3443825,-0.8000833
-0.7562601,0.3951355,1.840123,-1.2123497,0.24662991,22.3902,0.92623305,-0.57244074,-1.7811414,-1.2514615,0.08623139,-0.9526507,0.34661832,0.21143267,-0.2421379,3.3609388,-0.8085073,1.1363099,-0.25127348,-1.3273283
0.6504653,1.1797217,-0.6868729,1.6461262,-1.4329597,15.1374655,1.723257,0.14206468,-0.96483654,-0.74132925,-1.4671625,-0.47701377,1.6926717,0.47031483,0.35864586,2.0723598,-1.6213633,0.2983654,-0.3340248,-0.3703642
-1.0553468,0.79413456,0.7762135,-0.04849376,-0.555073,15.301224,1.5242645,-0.85325235,0.25513244,-0.043702308,0.46876815,0.14850509,-0.5926716,0.770414,0.10265448,1.1310263,-1.255779,1.2597989,1.324381,0.36976436
-0.3488626,1.9782323,0.010776213,1.1553857,-1.0116425,17.173822,-0.28188208,-1.8655806,0.78023136,0.70602864,1.7297777,-0.5864687,-0.8034861,0.5761631,-0.41785324,0.5401411,-1.6335888,2.6967094,-0.8261309,1.6232849
-1.3378259,-0.6994512,1.5885402,-1.5411885,-1.0170248,29.618523,1.7040873,0.10864761,-0.6229153,-1.165775,0.1388646,0.58843076,-0.13408503,-0.5504107,-1.8591698,0.69932926,0.12825325,-1.037006,0.5964478,-1.1191603
0.56525654,-0.7309587,0.70976245,-0.40876076,-2.5408049,37.925846,-0.7153998,-0.030616172,-0.9894539,-0.028977092,-1.0935937,-0.4355768,0.51755124,0.16194582,0.76744694,-1.5937304,1.5058635,0.015973639,-0.97303885,-1.4376379
-0.108926564,-0.8043037,-1.1872019,0.620988,-3.0336673,37.930943,-0.97044563,0.15073627,1.2722453,-0.24682803,1.087629,2.655613,-1.271725,-0.8439126,0.40008023,-0.99712664,1.4081124,-1.1597233,-0.17497401,0.262627
0.5635455,-0.39804798,-0.14443356,0.2547962,-0.2688257,36.179707,-0.75150603,1.5760154,-2.0061915,0.27476045,-1.0939486,-0.39899582,1.1801933,-1.4667087,-0.015400523,0.17348666,1.140643,-0.9143047,0.5079197,0.78881496
0.5877611,0.027972342,-0.5925045,-0.61453754,-1.3684099,38.097824,-1.381091,0.37596434,-1.0818902,-0.47174868,-0.8753502,-1.2875174,-1.392342,-1.2739037,0.059466332,-1.4553283,1.1016972,-1.1187664,0.45083302,-0.11246113
1.1280321,-1.1421626,-0.014871978,-0.335567,-2.28513,35.21529,-0.8535259,0.64867425,1.5387006,0.7045524,0.71357167,0.551453,-1.96058,-1.3932916,-1.1736537,0.7095037,1.0722059,-1.3916594,-1.8736176,-0.669189
1.2488049,-1.1860976,-0.47249117,-0.35702643,-1.5503396,29.63753,-0.7664294,1.6132075,1.403376,-0.071456574,-0.06464645,0.4540424,0.49996868,-0.9896115,-1.0564423,0.32032666,-0.18304738,-0.77889323,-0.7302219,-0.69222933
0.34219632,-0.7825298,0.82289135,-0.0543635,-2.3782537,37.86906,-0.8104872,-0.023939162,-1.0692009,-0.048276965,-0.8899747,-0.3483319,0.8889595,0.2817827,0.84953254,-1.0785538,1.6789783,0.36032176,-0.95519316,-1.4010092
-0.05113451,0.9933264,1.6302897,-0.012758075,0.86734104,32.36332,-0.16315907,-1.0703362,0.6824088,2.5421886,-0.12181847,-1.2274379,-2.3706837,-0.95252925,1.2397915,-1.1063375,-0.025249377,-1.276402,0.8103324,-0.1564068
1.3611772,0.33946764,-1.2432575,1.9201713,-1.4715675,27.190756,-0.24324323,0.3986439,1.5450274,-0.53085047,0.6591655,0.05871096,-0.13311669,0.20434952,0.145793,-0.05806879,0.5760168,-0.3013839,0.057631616,1.0816061
1.3722177,0.22801362,-0.21857049,-0.122235835,-1.3448914,34.738075,-1.0785552,-0.35689247,0.10313282,0.6666765,1.2466193,0.48026246,-1.9372097,-1.642901,-0.37320697,-0.5032773,1.4082928,-1.4312738,-1.1100963,-0.8748521
1.1802044,0.41161507,0.15606365,-0.7977966,-0.77072763,36.614296,-1.0327206,0.002938484,-0.7352662,-0.03008417,-1.0125192,1.0332361,0.27543035,-1.0759989,-0.023873266,0.28488547,1.3538598,-1.3263234,-0.031629026,-0.9079724
0.4199382,-0.38322896,-0.39718848,-1.2338921,-1.8022507,25.692568,-0.7271826,0.00653091,0.011297215,0.10971733,0.88686067,0.7968244,-0.101344354,-0.9455024,-2.0029576,-0.26804206,-0.3653275,-1.1683728,-0.3985523,-0.73088586
1.7524537,0.5885406,-0.54273146,0.6347674,-2.0908594,26.082102,0.66275716,-0.79841006,2.4970741,-0.34969163,-0.8908158,1.3973458,1.0874369,0.030455146,0.22772151,0.09813302,0.25148442,-0.04281984,-1.8773571,0.06508009
-1.0563903,1.5442702,2.4532437,-1.7700094,-0.16969861,22.490578,0.25582662,0.027698953,-1.2415045,-0.32397667,0.8563738,-1.0782727,1.022335,-0.84969205,-0.5624362,2.4954786,-0.6228626,0.29997784,0.26308852,-0.7400501
-2.8329222,0.6570357,1.6491424,-1.21104,-1.0722334,24.073015,0.5080108,-0.20753688,-0.49033946,-0.48346415,-1.2843482,-1.4932622,-0.3868622,-1.1369833,-0.38116178,0.41456583,-0.6520506,-0.7069256,2.7113647,-1.8321255
0.80987066,-0.05280359,-1.7307205,1.2169021,-2.1783857,27.359232,0.6433182,0.07729744,0.18014544,-1.0100895,-0.9045257,-0.22685668,0.19029517,0.06611301,-2.1917436,-0.8121203,0.5262974,0.038894743,-0.1839995,0.28218004
-1.333916,-0.33840483,1.9504551,-1.9455228,-1.2000195,29.613016,0.976665,-0.21554303,-0.58616275,-1.344413,0.15772595,0.012580454,-0.5666726,-0.9976225,-2.0435915,0.44321603,0.34439197,-0.14935778,0.7744196,-0.70626533
-1.7033576,-0.55838007,0.47649208,-0.8898571,-1.3640668,33.42018,-0.8820133,-0.54778033,0.37007153,3.061981,1.0373156,-1.1280786,-1.5117251,-0.69267803,2.139895,-0.46296135,0.84957325,-0.628406,0.6908417,0.75951284
-1.0910444,1.9879655,2.7731776,-1.4366664,-0.044993322,24.03226,0.09790782,-0.017042758,-1.3174664,-0.107673906,1.3179156,-1.059992,0.90636176,-0.92464226,-0.38927892,2.5658944,-0.59744513,0.2462915,0.47313672,-1.0001378
0.9442398,-0.19335078,-1.7186315,0.56746286,-2.0547814,26.051876,-0.467478,-0.31988972,1.7484541,-0.19156754,0.6886689,-1.0275228,1.8117237,0.052317224,0.51868105,-0.05111083,0.4475452,-1.5139865,-1.5225607,-0.25036833
0.20241812,0.1623791,-0.7574928,-0.28472504,-1.4493579,38.80263,-1.7916346,0.55696803,-0.6415195,-0.5378885,-0.40188947,-1.1967065,-1.0781025,-0.21550572,0.054864526,-1.8568219,1.4586014,-1.2934319,1.0150561,-0.480186
-0.931616,1.1301843,1.5909812,-1.2290733,-0.337997,31.942371,-0.7887181,-1.1191721,0.20347282,1.1931514,0.76037353,-1.8198072,-1.7182285,-0.9067791,0.10788998,-0.4264469,-0.024768578,0.051476512,0.44697884,0.13768654
-0.8798314,1.1041758,0.7900416,-1.5959456,0.5687662,27.268637,-0.053670242,-1.2891107,-0.69044733,0.05192313,-0.14720556,-0.26572585,-0.13808617,-0.15208729,-0.38250208,0.9595406,-0.47732177,-0.40181184,-0.2795207,-0.015843723
0.9118975,0.78250945,-1.0380806,1.2654375,-2.4360094,30.547709,0.04173634,0.84600145,1.1397051,-0.32804036,1.3836597,0.17848192,-0.26288894,-0.89075047,-0.51014835,0.63833106,0.00620286,0.019949624,0.021945441,0.47032353
1.1531372,-1.21359,-0.008952402,0.20120291,-1.9689304,25.992558,-0.474839,-0.65700287,-0.4631764,0.017223377,-0.68453854,0.18598834,1.1042681,-2.356061,-0.19157745,1.0701299,0.046645995,-1.1410199,-0.6935097,0.7556992
0.089675866,0.30004567,0.30960312,-0.28625077,-0.43148416,18.402424,1.9433142,-0.65026855,-0.8974894,0.19719057,-0.7964903,-0.22351813,0.56536376,1.3137687,0.53920233,-0.2839406,-1.0549183,1.0904534,-0.07867663,-0.16255316
0.46336207,-2.0133197,-0.68614775,0.77456754,-1.5837668,34.35731,-0.80209357,0.83828425,1.7933177,-0.8946046,0.66556174,1.1018302,0.5401418,-1.2996771,0.00914314,1.1584597,2.6471226,-0.82029206,0.14909811,-0.13771012
-1.4903764,1.4664932,1.1490476,-1.6855677,0.4366895,26.93441,0.5644926,-0.47383067,-1.2515836,-0.11234654,-0.073353976,-0.53364486,-0.5182802,-0.41564637,-0.069869116,1.2853459,-0.40304986,-0.35810697,-0.53289735,-1.0732971
0.05796154,-0.634562,-1.6321168,2.136916,-1.7877215,24.372082,-0.8050995,1.1431316,0.4876095,-1.0861717,-0.64512426,0.87347466,0.64398354,0.8055434,-2.1682975,-1.2743329,0.51641005,0.16239092,-0.5198027,1.1485211
1.1674143,0.79021025,-1.363269,1.7069864,0.3184083,15.922696,1.0530053,-2.2150981,-1.0126238,1.9303832,0.20140713,-1.4207569,-1.3202766,1.8221657,0.73992705,0.27556667,-1.7319331,2.8984149,-1.1278911,1.8591383
0.09713587,-0.60507333,1.4710802,-0.62980145,0.36083257,27.715971,0.6706506,-0.9148309,-0.2226445,1.7472651,0.53063625,-0.84925735,-1.8660067,-0.5099961,0.38489679,0.31958863,1.5341564,-0.5957385,0.07400813,-0.6058837
-0.07843201,1.2449418,0.10815547,0.7750174,-1.4371184,16.169678,1.2354186,-0.48444635,-0.62575614,0.7348346,-0.7271752,-1.3938344,0.81497616,0.79399586,0.17434612,-0.4286212,-0.6030937,0.70850205,-1.1834749,0.8458507
-0.58115226,0.6316541,-0.30268556,0.41578668,-0.037973944,12.145974,2.0421681,-1.4728326,0.4585971,-0.38446787,0.014395306,-0.9212983,-0.47930694,-0.24203803,-0.53302556,2.6568334,-1.7952155,0.20699076,-0.8774629,-0.30399007
0.31262407,-0.44388938,0.37974176,-0.5421894,-1.1948444,42.277725,-1.5507212,0.42424846,-0.50518364,-1.0289514,-1.2279071,-0.58196753,-0.15154792,0.55800587,1.6180385,-0.86957693,0.14241858,-1.1326841,1.1289377,-1.4725783
1.5054371,-0.18399519,-1.2990764,1.3296987,-2.069605,26.965622,-0.47947365,-0.14017664,1.4341521,-0.64803994,0.5886032,-0.4118067,-0.08357825,0.25675458,-0.5721148,0.11664542,0.47542074,-0.6036158,-0.08965981,0.33099756
-0.17224067,1.5533959,0.08396529,1.1376846,-0.8295308,11.874626,1.1793948,-0.67871773,0.7517226,0.13877173,0.33741397,-0.43271446,0.117292784,1.8207942,-1.3208196,1.3672844,-1.0494944,0.8618131,0.24612248,-0.036195043
-0.72759515,0.042381544,-0.9104785,1.130837,-1.7199173,15.701256,1.2327442,-1.6588781,0.06393596,0.58823603,0.8991235,-1.7427893,-0.65310854,1.0071846,-1.92564,1.4250636,-1.7118883,0.83889425,0.30397275,1.9487319
-1.2851932,0.95215523,0.050717793,-0.5728803,-0.93741024,32.60571,-0.5516161,-1.3113146,0.5797495,2.5659335,-0.36754838,-0.068351924,-1.9556187,-0.42008123,3.307833,0.26019934,0.6462667,-0.06847402,0.26529592,-0.41673106
0.18563473,-1.4111608,0.5922079,-0.27212372,-1.7890711,33.753098,-0.72577435,1.2295489,-0.6966806,0.07755873,-0.716591,1.4872421,0.42560035,-1.7835628,1.0288388,-1.3596969,0.16427967,-0.34719017,-0.30621552,-0.109324
-0.51219,0.011705562,-1.0866288,0.38374418,-0.62021625,16.465845,1.295574,-0.30189985,-1.4008232,0.1827167,-0.24138436,0.9963726,0.24377573,0.6891381,0.12297262,1.8130352,-1.0152705,1.1305395,-0.9832151,2.0231612
0.9789002,-0.8989139,-0.6953479,0.9889602,-2.917514,32.80692,-0.610175,0.044310167,1.9550204,0.09039348,1.6746094,0.7985964,0.25106877,-1.2229244,-1.0537106,-0.5580315,0.7797186,-0.066807956,0.026264291,-0.05144504
0.20704344,0.13387764,-0.15597212,-0.5349315,-1.6059389,19.419968,0.95133156,-0.30334356,-0.8449255,0.60788894,-0.75551003,-0.6727244,-0.14305727,-0.8269897,0.638403,1.0976139,-1.2112654,0.62575805,0.64416367,0.36569443
3.0321438,0.22034317,-0.93998015,1.376146,-2.0211766,30.012325,-1.3121421,0.08845447,0.5943703,0.020942714,0.062887184,-0.89964783,2.025856,0.67485917,-0.8120229,0.3195747,0.18859588,-0.53031284,-1.8247933,1.9927756
-0.99134916,0.80632555,0.88612807,-0.8964867,0.29954445,28.855927,0.52956414,-1.3199022,0.57156616,0.7329185,-0.11700074,-1.599351,-1.6563394,0.6546103,1.0879117,-0.43351334,0.46722233,-1.8270309,1.3286513,-0.83940387
0.44870332,1.0993634,-0.028583553,0.25982535,-0.7289941,15.688319,1.6372217,0.16893956,-0.9086441,0.6059592,-0.59607214,-0.7051415,0.23551175,1.9668279,0.60906005,-0.3794693,-0.7908202,0.8036779,-1.5023328,-0.11027491
0.55881876,-0.35949847,0.3003273,0.31847703,-2.1651506,25.3662,-0.2646586,0.20497839,0.031197065,-1.1614991,-1.3487424,1.3947077,1.346391,0.43005946,-1.2772034,0.27249116,-0.6478952,-0.50335604,0.12922323,-0.34421328
-0.35680452,-0.72984004,1.0570424,-0.5007549,-1.5625237,41.04532,-0.90404737,1.1905291,-0.10234289,-1.1402415,-0.37891808,-0.13754393,0.12725314,-0.90529096,0.32753778,-1.2674726,2.0093858,-0.4589503,-0.8325938,-1.046972
-1.3794513,0.26862106,0.34130085,-0.74598944,-1.3143047,31.874199,-0.3941629,-0.9426427,-0.5442691,3.3184435,0.87310815,-1.7961032,-1.706501,-1.3141553,1.5700165,-1.1976353,0.15630426,-0.7271972,0.19035722,0.7092557
-0.5309251,0.7770961,0.9732281,-0.99719644,-0.7045951,24.132437,0.61755484,0.23682715,-1.6977441,-1.9348465,1.1754467,-1.2688755,1.2793506,-1.3340001,-0.4826326,0.5548267,-0.94265133,1.1070536,0.86464983,-1.1390642
1.2235056,0.54125816,0.19923769,0.33041644,-2.4989586,25.211147,0.03177376,-0.17163564,0.34313136,-0.87208587,-1.6537428,1.2030965,0.45978415,0.7807497,-0.5390664,-0.043232057,-0.26026168,-0.67427915,-0.4251441,-0.41420987
0.28126213,-0.30851358,0.035395194,0.4805035,-1.5131602,30.626541,-1.0169559,0.3521958,-0.047648057,-1.6262615,0.21667796,0.32202494,-0.36645213,-1.1406231,-0.7954335,-0.4580303,-0.2623336,0.44893014,-0.34936404,-0.29276574
0.100912854,-1.3344669,-1.4621434,2.288449,-2.5727842,26.855434,-1.1654618,0.26032978,-0.27750495,0.49583423,-1.4651407,0.31101108,0.046994038,0.65610105,-0.4408876,-0.66260296,0.4070136,0.67290956,-0.4595519,1.7024976
2.9185119,0.5117418,-0.9590728,1.8651311,-2.2053864,30.814753,-1.2560631,0.25167143,0.62541336,0.008193123,0.4630424,-1.3674351,2.258981,1.0534048,-0.4263022,0.011126916,0.2589731,-0.33056715,-1.5465329,1.8850199
0.52421355,-0.8566186,0.86468524,-0.2881365,-2.4307346,37.94461,-0.6138738,0.06595003,-1.046009,0.21317747,-0.999805,-0.43412545,0.7757227,0.22259691,0.9876245,-1.2488881,1.5444764,0.2888132,-1.0323906,-1.3030477
0.023854801,0.36675847,-0.79748493,0.63254166,-0.42733446,17.342981,1.0049326,-0.7212295,-0.6995884,-0.27324536,0.48429444,-1.0816762,0.6210781,-0.48977572,0.48892462,0.8595267,-1.1183988,0.7155325,-0.45435295,0.3053163
-0.51148367,0.06324264,1.8003925,-0.33803132,-0.07944794,27.229046,0.37343743,-0.984529,-0.6833346,0.13994743,0.03444123,-0.11973972,0.5099057,0.46624815,-2.385945,0.7525372,-1.405259,-1.1965399,1.9314532,-2.0330544
0.84799534,-0.7881766,-0.3949892,-0.25275397,-2.003173,25.225464,0.71841437,-1.3110019,-0.13210115,-0.009962465,0.5622185,0.46581566,0.13084275,-1.0365627,-1.4578992,0.0024474913,-0.19786325,0.2723069,-0.19202891,-0.04900437
-0.35018286,0.0492891,1.1387461,-0.33895475,0.68086606,30.236084,-0.46561635,-2.0118022,0.91738707,2.9205863,0.75713277,-0.74528784,-1.8729721,-0.08729038,0.9551829,-0.6240588,0.19547665,-1.1888125,0.4577772,0.13665783
0.68970865,-0.15565066,-0.85999256,1.3040894,-0.618282,15.778667,0.77114296,0.16140623,-0.84956515,-0.16080499,-1.2227802,0.98626584,-0.5420273,0.06896652,-0.99905694,1.7845026,-1.4792242,1.076856,-0.6527033,1.3181094
-0.7861916,0.42896044,2.1209748,-1.2860073,-0.19069938,26.15065,0.5826557,-0.06591651,-0.3269312,-0.19760975,-0.011814893,-0.12901483,-0.08113826,-0.49966577,-1.0312686,-0.14552897,-0.573062,-0.7580359,0.42805082,-1.8059882
0.42082494,-0.9174174,0.738556,-1.1297365,-1.736712,35.44634,-0.86455244,1.006126,0.8864316,-0.5442786,-1.0425066,0.37169382,0.677535,-1.5372894,0.6222623,-0.6317443,0.046984,-0.50297934,0.57312256,-0.06702841
1.350409,0.6324998,-0.9716566,1.3186595,-1.9097956,30.403223,-0.8590676,0.53420997,2.7806654,0.6873633,0.32391924,1.1702462,0.2507516,0.06352406,-0.42882666,-0.15084262,-0.22733797,0.11266343,-0.90600073,1.7191578
-0.11937045,-0.084033296,0.014023066,0.010527514,-1.0342506,41.604076,-1.5421222,0.65469855,-0.48233798,-0.23851626,-0.15056722,-0.24044354,-0.24432412,0.21073152,0.8865853,-2.3196921,0.3196397,-0.6156035,1.219108,-1.9313854
1.137415,-0.253027,0.687928,-0.43840507,-1.1831304,27.15785,0.8941975,1.231836,0.6379231,-0.35767642,-0.8137755,0.39320666,0.95685494,-1.198697,0.79438686,-1.0944654,0.2254623,0.15777217,0.50617176,0.12906617
0.46115038,-2.0194762,-0.7106724,0.7918216,-1.5927094,34.281536,-0.80672646,0.75681776,1.8132206,-0.90818536,0.7241257,1.0765104,0.60374844,-1.317093,0.0077346344,1.1579448,2.5751047,-0.8565107,0.093196936,-0.09337618
1.4154838,-0.06939671,0.64491093,-0.6037049,-1.1030664,36.91039,-1.1167258,1.2764541,-0.8270415,0.19883093,-1.0240455,0.9981999,0.09822465,-1.0766162,0.07083465,-0.06052703,1.4287629,-1.0354661,0.5577996,-1.0264255
0.072931185,-0.43704984,-0.13655227,-0.25473386,-1.6110201,29.482029,-1.250247,0.99870104,-0.5536743,-0.77043825,0.6831466,1.5478292,-1.0680847,-1.6216937,0.41874176,0.896728,1.0184432,-0.2292315,-0.3457076,1.0619265
-0.80780256,0.9725379,-0.6143253,0.14274609,-0.7555739,16.212212,1.1024117,-0.91945755,-0.0046592993,0.96120936,1.0889176,0.6958823,-0.6554256,-0.5524226,0.7967945,2.6205764,-1.2839252,0.6376086,0.85917777,0.3246861
-0.6294184,0.5052644,1.3044612,-0.63731205,-0.22710846,31.324444,-0.01032997,0.04111176,-1.2235545,-1.0520656,-0.038350187,-0.19629428,0.8733736,-1.400884,-0.58652914,0.6014581,0.07136726,0.86245036,1.7835338,-1.433067
-0.47642028,-0.3261917,-0.09803076,0.3624549,-2.6132274,34.587425,-1.2535274,1.0877942,-0.9194061,0.30986783,0.19793986,0.7154178,0.40910742,0.9275216,0.6260588,-1.4666418,1.7485793,-0.32425523,-0.49934536,0.015168354
0.43337065,2.3927171,-0.81824523,0.7577659,-0.80549717,15.208146,1.4672152,-2.3065135,0.1887878,1.4131743,0.9685889,-1.8067868,-1.6219524,-0.20261326,-0.6777936,-0.83267707,-1.4787818,2.3047745,-1.5115926,0.9248244
0.9476862,0.37392133,-0.16012418,0.07831452,-2.246569,26.998219,-0.62786895,1.4676021,0.07819639,-0.30781075,-0.41335148,1.0491447,1.6611613,-0.17824271,-1.3201303,-0.20568351,-0.415316,-0.49111387,-0.7160453,1.2693813
0.06205844,-0.053401936,-0.39076224,0.5689131,-1.2840617,32.79454,-1.0513415,0.25850227,-0.13418293,0.20149446,-0.27097264,1.4017489,-0.56156826,-0.66038704,0.8984545,-0.29557347,0.93890405,-0.68300825,-0.22344576,-0.04649385
1.1655471,0.5928696,0.014317941,-0.24737826,-0.9004864,27.132965,0.42984167,-0.22412008,1.2843789,-1.5246857,1.8170477,0.38636294,-0.9500344,-0.032917686,-1.3340138,1.0029478,-0.4455577,-0.115343966,-0.32495072,-1.1591969
-0.44131133,-0.6338028,-0.44782284,0.41736922,-2.8595605,33.111088,-0.38213965,1.4886724,1.8505261,0.41952315,1.084594,1.7330204,-0.61925423,-0.58892375,0.2398543,-1.3205462,0.78007656,-0.06932807,-2.0379274,-0.27931076
-0.8809547,0.72484076,1.8679986,-1.6582923,-0.2861445,26.565472,0.71380854,-0.24890406,-0.3758948,-0.55270493,-0.4459063,0.63200223,-0.15010546,-0.19999783,-1.1654234,-0.3406636,-0.36235446,-0.7818216,1.1536145,-1.681694
-1.0123755,0.3245955,0.23680936,-0.21932837,-0.46082196,23.263874,-0.053499926,1.3365467,0.53331965,0.35997036,1.7334237,0.23143075,-0.09731468,-0.774479,-0.44368446,-0.27554706,0.9932708,-0.42571864,0.4797943,-0.2882874
1.3654783,0.023902308,0.59000343,-0.24798614,-1.0158075,26.737158,0.43077576,0.9106396,0.40097737,-0.36147222,-0.73166627,0.28585798,0.34737295,-0.6924644,1.5203183,-1.0905924,0.58041126,-0.004202774,-0.03277209,0.37536913
2.9542677,0.6140379,-1.511191,1.7802234,-2.362258,32.052975,-1.410051,0.6975337,1.038235,-0.92225367,0.62653166,-1.0270905,2.5094395,0.9659954,-0.52341366,-0.13321942,0.6667217,-0.61404586,-1.4432907,1.2159786
-0.0060342397,1.1113775,2.3975031,-1.3971121,-0.83286667,26.93337,-0.023423761,-0.48526713,-0.8568944,0.9460389,-0.36049724,0.24700798,-0.6885253,0.30243328,-1.3957821,0.6089447,-1.065397,-0.45775664,2.4980392,-1.5248312
-1.5924429,0.9894255,0.78159666,-1.1188558,-0.24534094,24.316998,0.48663422,-0.6760782,-1.3118616,-0.5955331,-1.460558,-0.61718994,0.1194568,0.10265744,1.3934349,0.13439573,-0.4276453,-0.36416,-0.43648064,-1.121552
0.7047598,0.34202468,-1.6110023,1.7846785,-1.9033083,27.074322,0.34991333,0.06987718,0.29159892,-0.394704,0.7707922,-0.47636864,0.8089868,-0.46825165,-1.065892,0.002212861,-0.25130492,0.23615906,-0.863931,1.2852554
0.66799873,0.30515242,-1.207467,1.2715249,-2.1792452,29.706352,0.012421722,0.271749,1.6551555,-0.45783868,1.5649724,0.19100639,0.31405827,-1.0972322,-0.92796695,0.81495076,0.08337599,-0.65552545,0.23608617,0.32674396
-1.8400978,1.4284315,-0.25742483,-0.097615846,-1.1509606,15.932938,0.8060942,-0.91435313,0.2899399,1.244576,1.2379423,-0.38655564,-0.56123257,0.35980737,0.56689125,1.7259083,-1.3038737,0.47817034,0.512237,0.063136086
-0.38476464,-0.20336755,-0.6427872,0.32460275,0.01857561,34.83951,-0.50298744,1.551798,-1.958221,-0.01917916,-1.7078371,-0.8158414,1.8032006,-2.1388185,1.7996247,0.67289,1.9704716,-1.4793737,1.0038128,0.47295243
1.2603508,0.8244429,-0.70870954,0.44978154,-0.77064604,15.726814,0.7861301,-0.1285523,-0.76522744,-0.05475366,-1.4533883,0.9707381,-0.588327,1.0093366,-1.6009766,2.3999906,-1.8161372,0.30707353,-0.5962947,1.8545926
-1.215236,-0.03758536,1.0415465,-1.4605379,-0.994205,28.7555,-0.07748398,0.87487644,-0.4483155,0.4789945,0.23335794,-0.24509607,0.45329177,-1.0405854,0.971597,0.39939392,-0.055344727,-0.23803475,-0.4257327,-0.7852422
0.31511572,0.47218776,-0.22038761,-0.311852,-0.106755614,18.261684,1.8944379,-0.5647218,-0.7355085,0.25945857,-0.75506246,-0.3025103,0.5910186,1.6508167,0.5898858,-0.25235155,-1.0549028,1.1555023,-0.35619134,-0.22739309
2.201035,-0.6464497,-0.41290915,-0.72153795,-1.128872,30.221375,-0.7751839,1.9082441,1.2267543,-0.36777613,-0.6150892,0.6162883,1.0531474,-1.2701341,-0.8873746,0.05958851,-0.14262377,-0.64616627,-0.529264,-0.67845637
1.5757313,-0.48322242,-0.9455613,1.4918534,-0.9542138,18.571053,2.0140688,0.39478004,-0.71849465,-0.79141384,-1.0407035,0.8001457,2.0321805,0.19342703,0.18826577,1.2753036,-1.3639709,1.2045637,0.78377014,-0.18056042
-1.4479017,-0.78802115,-0.32637405,-1.316003,-0.03695691,27.65574,0.6883,0.34384066,-1.0808183,-0.5242634,-0.5420783,-0.9164531,0.42871195,-0.41932443,0.53412294,-0.13876706,-0.64669627,-0.02656963,0.87885493,-0.55756176
-0.76218724,1.1372187,-0.51565814,0.2956443,-0.8150278,15.770179,1.3619174,-0.6660822,-0.11802346,0.930126,1.1512856,0.38883406,-0.9824634,-0.4631277,0.75561136,2.4722843,-1.275544,0.41472164,0.7925059,0.34545243
0.650573,2.243942,-0.33725467,1.3760667,-1.0470325,15.92665,0.58409435,-1.7248415,0.2607192,0.98904836,0.6951027,-1.6010278,-1.4857285,0.25757074,0.091699146,-0.3133744,-1.3796221,2.0238092,-1.1955688,1.0304791
0.3355294,-0.47189662,0.23439357,0.122461766,-0.92075,35.272343,-0.89149517,1.4859235,-1.300027,-0.9978153,-0.63202465,0.5738316,-0.65301514,-1.3318648,0.9909362,-0.47120598,1.7367435,-0.82720417,-0.5977613,-0.88168293
0.90436006,-0.30162,-1.8131244,0.45181218,-2.1000137,25.819723,-0.562416,-0.35623527,1.8638654,-0.18833518,0.51825607,-1.0107393,1.6921618,0.03500467,0.51386523,-0.2500824,0.44692203,-1.4847233,-1.5014745,-0.5841227
-0.6703893,-1.4710307,0.8778986,-0.7370224,-0.44321,29.246756,0.9011298,-0.47810507,-0.6492305,1.131317,-0.07573096,-1.731808,-1.9739825,-1.3075993,0.947379,-0.49778116,-0.047320515,-1.4468776,-1.1842974,-0.5909537
0.14964028,-0.7995163,-0.19336523,-0.74973756,-2.571211,31.005665,-0.20368479,0.20669405,-0.47472063,0.79201615,0.47999898,1.2870959,-0.8067011,-1.4379516,1.0640317,-0.48121664,1.3063623,1.7638347,0.24877855,-0.55133283
-0.7359784,0.9847489,0.14258221,0.15850644,-0.5845498,29.832336,-0.78759027,-1.6986794,1.4061722,2.4216561,-0.6360279,-2.7670991,-2.0995052,-0.3426427,0.32705605,-1.4376204,1.0847464,-0.64770234,-0.37906396,0.4295465
-0.39962474,-0.8337232,1.8320551,-0.3992453,0.63595283,25.508263,0.738036,1.3406099,-0.7153358,-0.78978336,-0.9481564,-0.08406651,-0.10372985,-0.51783204,-1.545161,0.3416344,-0.38708273,-0.10862882,0.1283634,-0.9206688
0.40052426,-0.079227395,-0.81025314,-0.34042647,-0.45471975,13.176106,1.4736938,-1.0705674,0.26925603,-0.36066777,0.8087574,0.29736918,-1.4275637,0.2739927,-1.9276248,1.1792653,-1.5130569,0.2250597,-0.6413308,0.13412169
0.425552,1.2597672,-0.46334395,0.4119844,-1.3532379,36.471523,-0.90173817,1.0648637,1.3689394,-0.08042275,0.46061224,0.96044225,1.1225488,-1.0837547,-0.4238248,-1.4370282,0.9511154,-1.2504658,-1.0770525,0.56463474
0.17145818,-0.2566681,-0.06847528,-0.7378918,-1.7492042,19.103659,0.7572701,-0.14798316,-0.7706779,0.672295,-0.82661223,-0.67708176,-0.09731403,-1.1023213,0.74061555,1.4858056,-1.1719596,0.62735665,0.6522632,0.11526171
-0.3986325,-0.8945087,-0.5472322,0.45830393,0.36940446,34.35084,-0.8972585,1.9598225,-1.6099954,-0.373808,-1.5940881,-1.0382792,1.7204688,-2.2478256,1.494898,0.9485022,1.8313959,-1.4254838,0.52041864,0.3184495
-0.03478123,0.44512463,-0.9875645,1.5086412,-0.33055094,15.714774,1.6955731,-0.83938223,-0.05047724,0.40992737,0.109305665,-0.94640326,0.088233806,-0.604268,-0.09966638,0.2027073,-1.3014756,0.8806659,0.8749245,0.34247202
-0.27548477,-0.487297,-0.58429646,0.25428882,0.026594222,35.109943,-0.5778944,1.7483512,-1.9332858,-0.25732833,-1.3426137,-1.0147442,1.9387696,-1.827351,1.5295928,0.65397984,1.6213572,-1.4618022,0.5206066,-0.17836219
1.4746401,1.7988806,-0.59107107,0.69078743,-0.86023766,11.104628,2.0926516,-1.2287146,0.028600316,0.090930074,0.28112608,0.20640428,0.13273014,0.62620187,-1.2188215,1.2539251,-1.4505703,1.0065992,-1.2299314,1.9905634
-0.81203616,-1.7467865,0.117123246,-1.3669223,-0.34186292,30.290222,0.6883418,0.39778358,-0.52349424,-1.0008839,-0.39668638,-0.2010718,0.0075440425,-1.7116268,0.1412346,0.46675557,-0.34328333,-0.30623385,1.7404081,-1.6972028
0.040561717,0.65839356,1.2658736,-0.3582056,0.7594344,32.379143,-0.21119212,-1.2175853,0.6922793,2.4005473,0.09271724,-1.2453135,-2.4225254,-0.5879547,0.64710987,-1.458944,-0.05969165,-1.5892979,0.84894186,0.197788
1.1962842,0.5228979,-1.225755,0.43997273,-0.73986846,15.333217,0.6942338,0.46451613,-0.539291,-0.6455798,-0.7945108,0.2741238,0.47631794,-0.07496427,-0.18564467,1.5531281,-1.5621387,0.25763646,-1.1980017,1.1054037
-0.143121,-1.0246624,0.00841126,0.30761555,-2.4061437,31.161919,-0.60951245,0.8523517,-0.65177727,0.26344785,-0.2002789,1.6844126,-1.0973376,-1.0397391,1.6413614,-0.0020149115,1.4448453,1.4636124,0.3265729,-0.086929336
0.23069036,1.198115,-0.41134375,0.05746195,-2.5529723,34.341988,-1.0613993,0.7014794,-1.3376337,-1.4600883,-0.6777589,1.2619269,0.101794474,-0.7751097,1.0409704,-1.103157,1.009361,0.2869646,0.15945487,0.14431117
-0.91589946,-0.043982904,2.5413146,-1.0400966,0.30135405,20.975374,1.4954967,0.607953,-1.5834429,-0.49350992,-0.03373588,-1.0447018,1.0885632,-0.2115279,-0.51848775,2.3132095,-0.36658955,-0.4060821,-0.52569175,-0.73475754
0.5328465,-0.002347548,-1.0983272,0.93727815,-0.8715353,16.095507,0.9401993,-0.15821357,-0.7931957,-0.8865043,-1.6912742,0.40613312,-0.17321366,0.34554648,-0.7065173,2.1379097,-1.4271643,0.5300573,-0.8430264,0.83121896
1.6517946,2.2769377,-0.64119834,0.86042374,-1.2370654,11.30509,3.0912943,-1.4878991,0.5088686,0.756712,0.86162066,0.052452467,-0.30050084,0.6292123,-1.1768719,1.3025062,-1.2709075,0.32214832,-0.74361503,1.4761126
-0.24164021,0.8507043,-0.29824954,0.44908026,-0.8824013,17.824224,0.3364608,-0.80597645,-0.6573028,-0.28297096,-0.0032118233,-0.2561503,0.218439,-0.26814517,0.17432338,1.0300745,-1.3410856,0.9156792,-0.36562553,-0.027890367
1.0619048,-0.44987437,0.49957764,-0.16532637,-1.1349094,27.168901,0.8606662,1.452472,0.86939585,-0.49391112,-0.6343085,0.5095265,0.96774566,-1.3558619,0.5072631,-1.1570762,0.33616513,0.10073493,0.4716102,0.049705364
-1.5960374,2.608134,2.2921472,-1.6819066,0.13572852,25.624176,0.37928313,0.7915152,-0.9771812,-0.53352326,0.951896,-0.7949935,1.9935993,-0.42286265,-2.055753,0.97838944,-1.2216035,0.5459817,0.6334145,-0.7417219
1.3974682,-0.30032495,-0.27218172,0.14962156,-1.2563436,30.488117,-0.89441437,1.1582333,0.6213604,0.038376924,-0.5132251,-0.36321193,0.64544,-0.44731066,-1.4243437,-0.20418972,0.2815488,0.036901772,-0.18307723,-0.8388501
-0.47638503,0.11854495,-0.7557775,1.5234861,-0.5087265,15.937911,1.4825423,-0.84648806,-0.516023,-0.17952031,-0.30433765,-0.86192536,-0.38343117,-0.52145106,0.063773,0.053236417,-1.0613633,1.0794132,0.27272445,0.8643483
1.2956724,0.3494061,0.5293549,-0.2623876,-1.6113424,32.23912,-0.72725594,0.20546497,0.05451307,-2.175628,0.31625623,0.38627082,0.26968938,-0.11278691,-0.8039724,-1.0231055,0.6308996,0.09175356,-1.2035913,-0.2783764
1.1558208,-0.75991464,0.06817669,0.38602903,-1.9712582,25.425123,-0.4110753,-0.48661056,-0.21554227,0.0051335692,-1.1502388,0.22890562,0.82701004,-2.2827864,-0.33810183,1.0279464,0.1549603,-1.0706879,-0.9513825,0.4239934
-0.18213429,0.009201672,1.9145006,-0.7309897,-0.23568083,28.426851,0.48416337,-1.0872201,0.25504878,1.4835557,-0.3989519,-1.0875969,-1.4655449,-0.36602172,0.06507503,0.39697805,0.8221613,-0.98802024,-0.28086087,-1.1121991
-0.67278105,-0.7257175,-0.2716934,-0.6618038,-2.0584939,36.29629,-0.46599182,0.19805622,-0.79823065,0.03043928,0.21200028,-0.25913373,0.021000931,-0.3909157,1.5353714,0.45142365,1.8223902,-1.1373509,0.41179517,-0.34303784
-0.68451434,0.6311155,0.31124416,-0.47101176,-0.67680436,30.716839,-0.8669004,-0.18888979,0.9508507,1.8708979,-0.05682932,-1.9556335,-2.2295263,0.028688045,-0.26769206,-1.9422656,0.7529345,-0.1845448,-0.42405456,0.34637454
0.3205607,2.0624065,-1.4446287,0.9395405,-0.51913315,14.437165,0.54296875,-2.5800867,-0.20890927,1.9399298,1.5301423,-1.9949981,-1.721962,1.1099641,-0.12707926,-1.0640193,-1.8506399,2.3164961,-1.3176134,0.9626346
-1.5809108,2.7162282,1.9579571,-1.7185874,-0.058165837,24.306698,0.32628357,-0.17783032,-1.0413659,-0.379615,1.1207135,-1.9757211,1.7598231,-0.393282,-1.7172096,2.0378673,-0.5147373,0.18777627,0.39287513,-0.8555991
-0.41875526,-0.63257784,0.82372564,-1.1598458,-0.6906755,27.779669,-0.42291597,0.63483363,-0.5540857,-1.2273592,-2.1288924,1.8988112,0.5798266,-1.3216758,-1.8471689,0.6504534,0.22603625,-0.66350615,-0.49042165,-1.2918383
0.7346017,0.03768736,-0.23995973,-0.35535553,-2.2302806,27.82637,-0.6549152,1.5803938,0.18949492,-0.41720563,0.3149848,1.2451776,2.1787462,-0.5232517,-1.6674953,-0.4365354,-0.83837354,-0.34800604,-0.26548997,1.1420586
-0.81289136,-0.12565105,-0.81370324,0.054048203,-1.4872983,36.071354,-1.0267025,0.5185599,-0.9072923,0.0534866,0.10522575,-0.19456561,-0.60588425,-1.1737055,0.9500833,0.44233885,1.9133961,-1.825418,0.8277659,-0.1920807
-1.6481227,2.8369844,1.6024336,-1.0365603,-0.4147518,32.73442,0.17683099,-1.7731209,-0.30231577,2.4180524,0.39314204,-1.0397218,-1.6687062,-0.8514866,0.96537274,-0.15473647,1.2048659,-0.006195745,0.3992061,0.17917976
0.78694254,0.26254684,-0.9155779,-0.66056067,-1.8510393,35.29579,-0.48192582,-0.08169766,1.0098174,1.2648093,1.6076798,1.1489997,1.0034302,-0.63512456,0.085660405,-0.60931754,1.298544,-1.4899005,0.26185167,0.7922716
0.42135617,0.22413574,-1.1190104,0.66528416,-1.2999145,34.710205,-1.0221059,0.8683581,1.4265394,0.36824077,-0.20676748,0.9956595,0.9588795,-0.85722554,-0.026513504,-0.8862186,1.2713573,-1.1953706,-1.2467276,0.66966933
-1.1198657,2.624656,2.3207374,-1.6447133,0.22729783,24.625595,0.1740195,-0.12892355,-0.9888008,-0.66986215,1.2091267,-1.6869917,0.8837569,-0.47014347,-1.0184555,2.303011,-0.63180107,-0.009531192,0.42989227,-1.0243791
-1.3834137,-0.5725734,1.7025838,-1.8958057,-1.1596624,29.50387,1.1809009,-0.19242842,-0.48669958,-1.3143058,-0.15671976,-0.26042137,-0.38863444,-0.76506907,-1.9011508,0.4119691,0.31040522,-0.24649839,0.3227464,-0.97575647
1.0572729,0.064252935,-1.3030244,1.7575861,-1.8110713,27.16713,-0.32362163,0.5319299,1.3300589,-0.2929669,0.618691,-0.048973646,-0.21454228,0.202173,-0.38569227,0.19375278,0.5036765,-0.64914656,-0.07611004,0.9175264
0.068022765,1.1734389,-0.35633078,-0.70379394,-0.8648437,30.728045,-0.4812518,-1.2492635,0.975564,1.8754092,0.28136784,-1.5061178,-1.6497861,-0.6373631,1.4164714,-0.5035521,0.48625314,-1.0041028,0.58849466,-0.05533034
2.579856,0.5221147,-1.4124728,2.2832882,-2.5172737,31.527458,-1.4123397,0.06942863,1.2419385,-0.82264143,1.0256623,-0.51320124,2.5736697,0.31545582,-0.22441036,-0.5742242,0.72212327,-0.3887433,-1.2843616,1.020172
-0.39504623,-0.48950368,-0.42875588,0.3095982,-0.6192027,12.869988,1.924789,-1.9715816,0.3215242,-0.14637287,0.6581077,-0.5162042,-0.19559088,-0.6607103,-0.12705755,2.0618742,-1.74487,1.0797987,-0.24896984,0.025726829
0.31812334,0.24093196,-0.4856951,0.67488194,-0.14300549,13.75581,1.7934823,-1.0069278,0.061999306,-0.020548746,0.69411767,-0.45754042,-0.62359524,-0.6359451,0.2978677,1.5560119,-1.7325383,0.4258868,0.18755785,0.5539604
-1.4562001,0.652146,-0.7115323,-0.55531126,-0.6159103,26.719854,2.050049,-1.861118,0.1016703,0.93594664,-0.011832889,-1.6554328,-1.9987515,0.10973221,0.8007171,0.16365433,0.45532924,-1.2177567,0.4410086,0.23697571
-0.5972995,0.28933644,1.5738616,-1.0998036,0.60166484,22.148186,0.6282915,-0.44228664,-1.2257246,-2.1472867,-0.18902813,-0.13533875,0.95275843,-1.255443,-0.8517345,1.1124766,-1.1701814,0.56367177,1.5083879,-0.25403774
-0.34024617,-0.76436204,0.9300528,-0.536587,-0.91396946,38.473904,-0.9177768,0.6884411,0.10342589,-0.98874557,1.3520602,-0.4977347,0.24761763,-0.37265924,0.89632183,-1.580711,2.1823602,-0.40021715,-0.56013554,-0.4352241
-0.14973392,1.1934603,-0.59460634,0.7263017,-1.2719759,32.47222,-1.048762,-0.49443808,1.0734429,0.51934993,-0.20337608,1.8755349,1.1195232,-0.52675337,0.37884617,-0.47120374,1.8648498,-1.3044466,-0.388325,-0.10412062
0.30869353,2.1919796,-1.3705716,1.0404414,-0.42857942,14.338494,0.56168747,-2.6627924,-0.08586004,1.7509683,1.2761688,-1.8823994,-1.9328119,0.82598543,-0.2210837,-1.2300788,-1.8853924,2.496228,-1.3434486,0.96397674
0.11342798,0.10131827,-0.048785605,-0.44879827,-1.226548,30.924677,-1.0590984,0.30229035,-0.9832807,-0.8095645,0.57312465,0.8831654,0.743435,-1.9454814,-0.23010331,0.08270118,0.8650753,-0.88597053,-0.47955933,-0.42457217
0.07925913,0.9019569,-1.3987571,0.21450424,-1.5276741,35.57867,-0.97058743,0.48472401,1.6666615,-0.3159088,-0.32839894,1.2461885,1.2339188,-1.0971223,-0.5683612,-1.4583634,1.4743056,-1.2190362,-1.1367534,0.65188205
-1.0219752,-0.05346417,-0.60037774,0.5857004,-1.6493087,15.998376,1.1109976,-1.6700925,0.7506954,0.46769923,0.5153525,-2.1792088,-1.3381925,1.6656697,-1.5246464,0.89646107,-1.8716727,0.8880808,0.1761303,2.2501495
0.49858558,-1.1292326,0.90865517,-0.52478164,-2.4635456,37.855915,-0.6929372,0.35708636,-0.3388026,0.08271173,-1.2226907,-0.30844295,-0.4642753,-0.79196894,0.48066276,-1.9448984,1.7178378,-0.15050279,-0.9213947,-1.572943
-0.81194377,0.19840348,-0.68327534,1.5825622,-0.1580776,16.199081,1.4347241,-0.8288779,-0.39648327,-0.45336014,-0.38655642,-1.0609993,-0.052693173,-0.47232467,-0.023850523,0.047903795,-0.9997457,1.091356,0.45480007,0.7320749
-1.0935202,-0.55372083,0.8499792,-0.48363703,-0.7254183,30.991943,-0.26928586,-1.1307327,0.07738555,2.1623554,-0.02163697,-0.13791336,-1.6667964,-1.2207706,1.0304147,-0.15659201,0.715944,-0.031924047,-0.47223815,-0.20652108
0.15327899,0.23331495,-0.14160608,0.35289347,-2.0913067,35.667854,-1.6505848,0.7001835,0.22382097,-0.73041576,-0.041903146,0.687182,1.5244089,-1.0133121,-0.45085052,-1.4939513,0.5169345,-0.83719665,-1.0011889,-0.30849585
0.38341442,-1.547925,-0.31153628,0.038527675,-1.9529396,34.03729,-0.8912227,1.4554864,0.88001496,-1.0899352,1.0183295,0.7760742,-0.20662044,-1.5843335,-1.2970334,0.8443997,1.4492791,-0.31299326,-0.7673733,-0.23797743
-0.14665921,-1.0795002,-0.40375537,-0.9163116,-2.4791424,24.705893,0.099248335,0.50827795,-0.79045635,0.10126129,1.7970742,0.7745724,-0.49519572,-1.5053937,-3.0015779,0.42185643,-0.08208806,-0.5654783,-0.12415095,-0.2678066
-0.8445997,0.7021276,1.5259101,-1.5754176,1.3535157,22.256065,0.60663724,-0.30564612,-1.776976,-0.89371645,-0.5228379,-0.4997449,1.0176091,-1.9667722,-0.48131457,1.9702888,-1.274694,0.26431122,1.2419683,-0.17347813
-1.0259138,0.916571,1.365548,-1.8474112,-0.33249006,30.698114,0.6347881,-0.41763172,-0.5094985,0.4324567,-1.4799831,-0.5438128,1.1240909,-0.57342696,1.1546919,-0.47593778,1.1669102,-0.25309184,1.9317133,-1.5948899
1.4565703,-0.29296082,-0.3777044,0.50504017,-1.4692293,37.146374,-0.7929391,-0.5399035,-1.7246077,1.0779557,-1.3064387,-0.17581162,0.45475242,-1.1022029,-0.30734164,-0.8901008,0.4014282,-0.7221779,-0.379151,-0.2839637
-0.23123533,-0.18495935,-0.8398694,-0.88365847,-2.0462418,34.565285,-0.023253445,0.92874235,-0.41359633,-0.44412237,0.9674716,1.3958852,0.76394075,-0.6897494,1.7622313,0.054154698,-0.122702636,1.5832272,0.19533171,0.27658933
1.4395553,-0.3684861,-0.33403137,0.54816806,-1.5322639,37.074036,-0.777255,-0.50185335,-1.6823975,1.217025,-1.1963307,-0.19088271,0.5423931,-1.3220084,-0.31309557,-0.9793498,0.41824958,-0.56553364,-0.06974832,-0.39648086
-0.86599565,0.5989724,-0.5872032,-0.26046503,-1.5766258,33.107285,-0.42978844,0.9923833,-0.20096,-0.23751791,0.8085274,-0.18462291,0.15100862,-0.86446697,1.2300612,-0.4827313,0.15122171,1.0963752,0.2071661,-0.020475145
0.7212223,-1.5522037,-0.3762811,0.21756078,-1.8901148,35.324615,-1.5601798,2.1794548,0.9817291,-0.8185899,1.4651939,0.84338653,-0.6412572,-1.2352514,-0.8418729,0.42932668,1.6927853,-0.90634936,-0.44289985,0.39470536
-1.4271853,0.08689024,0.9769571,-1.4786787,0.3347051,24.457129,1.6588222,1.0825611,-0.6013747,-0.7492326,-1.1086732,-2.244026,0.87549454,-0.03888257,-0.54034156,0.14870755,-0.55126745,0.049419932,1.6897388,-0.9066364
1.018054,-0.35154784,-0.73583084,-0.019500248,-1.3630913,29.558561,-0.97558725,2.1345024,1.4290154,-0.8230098,-0.114067845,0.74053085,0.71575135,-1.0664847,-0.85960245,0.36684608,0.062467173,-0.7840956,-0.3213939,-0.4649725
1.9998647,-0.5498736,-1.1693406,1.0018874,-2.0584254,24.828512,0.73630935,-0.6037809,2.1521497,0.3695926,-0.76774234,0.8652242,0.659693,0.31879926,0.27398768,-0.18210031,0.30185163,0.62321085,-1.6453941,0.2603569
1.1636763,0.38710803,-1.0947293,1.7302696,-2.2098045,28.015621,-0.40881824,-0.36341864,1.4360335,-0.16733791,1.1009598,1.6241595,0.87587947,-0.9031567,-0.5250248,0.97781706,-0.17806476,-0.7884283,-0.08383164,-0.35489172
-0.30179784,-0.4931724,-0.58270186,1.0245348,-1.8290617,33.0411,-0.98389,2.4405425,1.22098,-0.056447763,1.4728068,1.5002359,-0.3918216,-1.151785,-0.423892,-0.9345591,1.7977421,-0.90823835,-1.2165711,-0.6855704
1.0788536,0.07273847,0.10253027,0.50071794,-0.7712626,17.198845,1.6844082,-0.5782882,0.019079603,-0.47925413,3.172488,0.16763209,-1.2155604,1.0695381,-0.65654504,0.52731484,-1.3046811,1.5293467,-1.402253,1.506663
0.09532089,-1.1285222,-1.2730576,0.2374349,-3.0648,36.993954,-1.2652544,0.13621022,1.4049932,0.04205864,0.9969038,1.3338801,-0.80098546,-0.108167976,0.017412748,-0.701408,0.69062227,-0.5803512,-0.9680439,0.6005105
-0.34288234,-0.6501333,-0.5334558,0.74318093,-2.8092067,34.802746,-1.0212481,0.9666139,1.2882183,-0.44389457,1.547163,1.3086524,-0.73854953,-0.12082437,0.5470295,-1.5380579,0.9225501,-0.19745293,-1.1950593,0.32929394
0.27582747,0.532962,-1.1989013,-0.3086523,-1.915203,27.726921,-0.20523465,1.365209,-0.35697874,-0.26904154,0.4866949,1.4483517,3.231007,-0.64046943,-1.1019869,-0.48366794,-0.57145375,0.017185573,-0.15070523,0.8297562
-0.45520478,0.05192899,-0.46225893,1.1152997,-1.2209877,36.858887,-1.2511902,0.051119767,-1.2526026,0.4198303,-1.0594381,-0.074000455,0.34732756,-0.7195393,0.11234293,-0.19341001,1.2423837,-0.9234846,0.035694785,-0.3498641
0.22732039,0.6355717,-0.043191902,0.0369421,-1.8836937,35.321335,-1.2071054,0.6006976,-1.4332454,-0.7516787,0.097360104,0.6124101,0.7294071,0.57347924,1.3535967,-1.0278698,1.6872267,0.13739996,0.39480883,-0.50036246
0.6145683,-1.4211944,-0.2297321,0.111690395,-1.8964357,33.757847,-1.4815174,2.1609542,0.9427403,-0.7263217,0.91117585,0.71483123,-0.55245006,-1.4112587,-0.4940764,0.5351127,1.7002443,-0.8875652,-0.7983907,0.0452531
-1.0880618,-0.46628806,0.09697526,-1.1034724,-1.4283309,37.368526,-1.0392507,0.3177568,-0.7095073,-1.3666921,-0.22810166,0.06539714,0.26796544,-0.5329446,-0.31728593,-0.32885113,2.0042384,-0.80928785,0.32776916,-0.85164875
0.48626772,1.1942542,-0.7194617,0.6994353,-0.3446302,12.526039,2.044218,-1.5875639,0.1950278,1.237377,1.9660215,0.026937751,0.04200251,1.0617957,-0.59883976,1.7687653,-1.6991066,1.4261005,-1.094891,1.8065697
0.7785646,-1.2120104,-0.9814648,0.14220032,-1.1289057,24.890285,0.8057968,-1.0895497,1.1862226,-0.16139407,0.48502052,-0.36953846,0.60005766,-1.5518953,-1.3179832,2.5760164,-0.43972215,-0.6642269,-0.098785855,0.85705394
-0.013260471,-1.1260703,0.98395544,-1.5388093,-0.99574614,33.27735,-0.31965905,-0.41357926,-0.7713344,-0.88737553,-0.65583867,-0.50914633,-0.12281907,-1.5311197,1.2472894,-1.1239159,-0.69965184,0.04150834,3.4239995,-1.4401529
1.3783727,-1.4024624,-0.23927203,0.7694978,-2.6210792,31.965322,-1.1952811,0.5529246,1.2884719,-0.34526497,0.6066481,0.9694456,-0.3398435,-1.510178,-1.2250676,-1.035651,1.1013626,-0.5125238,-0.32343403,-0.33057368
1.3503323,0.6914939,-0.7028687,1.8881966,-1.6237798,29.212166,-0.7259143,-0.2888385,2.0510776,-0.025722414,-0.4142411,1.0690242,-0.02732725,-0.039750025,-0.16009773,-0.18931061,-0.0843151,0.6442596,-0.51289237,0.87641424
0.67134315,-0.38965777,-0.69731927,0.03225378,-2.0683765,27.888699,0.13356654,0.22480579,0.29140916,-0.38876805,0.5815982,0.19210297,0.5240718,0.020533232,-0.8077674,-0.55701584,-0.19645225,-0.08596603,0.2558845,-0.56851685
0.396428,0.45921052,-0.20062502,-0.4293715,-0.6443388,13.63394,2.0043437,-1.3956823,-0.09852938,-0.09032155,0.81770283,0.5326368,-1.7356253,0.0018985426,-2.0088463,1.7782954,-1.5735196,0.9086245,0.091210335,0.21862237
-0.0967991,-0.37938964,1.0515286,-0.57846886,0.16773623,30.19061,0.30070117,-1.215429,-0.09852433,1.4849603,0.7633264,-1.088951,-1.3136024,-0.38243598,0.6490647,1.4107909,0.18694384,-1.6254474,-0.20790416,-0.82931983
0.71780175,-0.5318491,-0.20295823,-0.6869212,-1.8290141,33.55298,-0.8845929,0.7516883,1.1960537,0.054642044,0.6630197,-0.017917814,-0.25588325,-1.6105268,-0.30398706,-0.98886144,0.74153006,0.7515,1.2869623,-0.6609224
1.6058372,0.97461313,-1.1114762,1.0122869,-1.67965,31.044777,-0.51999867,-0.37328705,2.5723484,0.48376098,-0.5958425,0.8167762,-0.06535133,0.36831427,-0.2836896,0.068818145,-0.5249861,0.55197334,-0.98140746,1.1469599
0.8532074,-0.26717907,-1.5095159,0.66521907,-1.7364852,34.73158,-0.94556695,1.3020829,-6.302041e-05,-0.343692,1.798783,0.8156949,-0.07885102,-1.2331799,-0.31376544,-0.0022109638,1.415537,-1.503619,-0.09580165,-0.4531499
-1.0411668,-0.38466638,0.6753253,-0.47306663,-0.6533166,31.339243,-0.17567417,-1.0960302,0.1677679,1.7434781,0.25414208,-0.05689506,-1.897785,-0.8986035,0.8251874,-0.4284413,0.5962543,-0.37144765,-0.20173864,-0.19871192
-0.2605198,-0.6186316,1.4920763,-0.771578,-1.3447669,32.658543,1.6631938,-0.20097895,-0.5708067,-0.8430678,-2.006969,0.4913779,1.3088225,-0.94553256,-1.4139537,-0.5561143,0.14769273,0.26473215,2.30295,-1.5410781
-2.0010517,1.1695553,1.9208658,-0.9538482,0.3257283,23.0124,0.9307028,1.8833119,-0.91800475,-0.041890386,-0.8155672,0.0918561,0.106511645,0.6924832,0.7800237,0.761739,-0.45198104,1.2460108,0.55905306,-0.7474354
-0.7770945,-0.16614223,1.885576,-0.68693787,-0.4692994,31.01477,0.6325659,-0.38176402,-0.5609132,-0.95423967,-1.7302002,-0.010882706,0.95437896,-1.0454726,-0.31259573,-0.5009895,0.79325056,-0.057700466,2.3929865,-1.3908583
-0.79693633,0.8098352,1.1504409,-1.1237837,-0.3660463,23.986555,0.46916932,-0.79367065,-1.375482,-2.0304859,0.38359812,-0.7457136,0.006983663,-1.1565953,-0.877329,0.91049653,-1.1373637,0.58602256,1.1033804,-0.498545
-0.1087524,1.0077232,-0.2997559,0.34316847,-0.14735794,33.941925,-0.82849455,0.89382976,-1.3542242,-0.78433275,-1.0768278,-1.4095652,2.005508,-1.74057,3.2147858,1.8019329,1.4861945,-0.7174049,0.21067679,0.4322457
0.57379055,-1.0344791,-0.243341,-1.3794315,-0.7210323,33.234474,0.94026315,-0.20130442,-1.1453052,-0.25093597,-0.19156629,-0.7192566,0.14284582,-1.630536,1.3659502,-0.5610728,-0.40731934,0.22982337,4.104419,-1.4987549
1.6473125,-0.7834678,-1.4513676,1.1625739,-1.8976244,26.67929,-0.34096205,-0.57167375,1.6155622,8.888045e-05,-0.103516944,-1.1146108,1.2401516,1.1318789,1.0894706,-0.15883207,0.60187304,-0.46035972,-0.3887291,0.042897705
1.1131538,0.8538418,-0.81137335,-1.0751644,-1.8287685,34.33028,-0.76251936,-1.1361413,1.0753002,1.3201851,0.9413318,0.6748079,0.10646916,-1.3446125,1.0019934,0.7468308,0.6337897,-1.7562376,-1.0450901,-1.5138214
0.07072262,-0.7898784,-0.9043873,0.64644253,-1.574575,22.492828,-0.83269197,-0.54294634,1.0350451,-0.264008,0.3728211,-0.7180783,0.95819783,-0.53571224,-1.0968734,2.4909816,-1.1885983,-0.09937143,0.20208706,1.5005369
0.18473394,-0.58661044,-0.20466746,0.8387222,-2.3272538,36.106403,-1.2285002,-0.19931208,2.6474473,-0.9919136,0.067096986,1.240638,-0.040709227,-0.5668434,0.24386221,0.84467924,1.5803378,-0.48782986,-1.2978348,0.7320205
1.6992489,1.0683541,-1.055374,1.4915057,-2.1125965,28.000591,-0.8743468,0.3392263,1.2099547,0.10540973,0.361336,0.85493124,-0.30819666,0.7352128,-0.072430275,0.4016207,0.1907111,-0.57279474,-0.26426724,0.22201872
-1.4686406,0.17969018,1.7268424,-0.47041625,-0.80723804,23.773092,1.2523575,-0.96546364,-1.4739981,-0.9311558,0.017340716,-0.44173765,0.31866452,-0.65777695,-1.7638814,1.6007346,-1.4381938,-1.1264303,1.5632758,-1.0755959
0.4330498,1.2902853,-0.74778223,0.043829676,-2.5144897,32.674065,-1.1098531,0.4948066,-1.4589407,-1.4799508,-0.8042284,0.3125682,0.4453563,-0.847482,0.29080552,-1.6063905,0.7647086,0.11074901,0.20177247,0.019678675
0.027908633,-1.5631905,-0.5547757,0.68160117,-3.036915,34.31729,-0.8350707,0.7257823,1.4574925,-0.29880863,1.2543527,1.7361281,0.21236238,-0.0023790463,0.9961593,-1.404965,0.7842707,-0.10783174,-1.5213549,0.017826512
-0.056143742,-0.63537526,-0.4279396,0.70809853,-1.9461726,29.123245,-1.1920778,1.2753048,-0.35389438,-0.57062113,0.06478728,0.09824642,-0.36246136,-1.3868854,0.81723875,1.518509,0.4180236,0.67916286,0.18023296,0.13658391
-1.2294284,-0.29460984,0.31285915,-0.6256479,-1.0559475,26.003698,-1.5895948,0.8266269,1.4905216,-0.6302426,0.6554733,0.55076945,1.0354183,-0.4533681,-0.2272346,0.21147211,-0.5325596,-0.6214585,0.21974687,-0.42176774
0.27086535,-0.1730261,-0.38383678,0.11581754,-1.0870988,18.873663,0.8342749,-0.101382956,-1.1848828,0.56018907,-0.6625424,0.7923206,1.535374,-0.696288,-0.20626003,0.41790947,-0.52947295,1.2613643,0.3370785,1.0889055
-1.1591933,0.44144922,2.4192312,-1.387103,-0.3191371,25.373903,1.3072224,-0.32098848,-0.2454861,-0.14873502,0.06483228,-0.4981523,0.105168425,-0.6565812,-1.0648334,-0.3602625,-0.61808234,-0.35764346,0.22317268,-1.6273469
-0.16241509,0.45503604,-0.4885609,0.15053892,-0.27109957,14.24376,1.555763,-1.1846999,-0.1572035,0.233849,1.224074,-0.6202469,-0.3523019,-0.6286691,-0.027823802,1.3393229,-1.7535928,0.67818266,-0.18983474,0.36057273
0.26750132,0.6466264,-0.70418507,0.1622784,-2.0653102,26.513393,-0.30959973,0.2748606,0.36450553,0.038238436,0.1307701,0.21487641,0.34879822,-0.51421666,-0.66455775,0.31183,0.14436024,-0.38335183,0.0037757647,-0.0107042985
-1.3058144,-0.21573065,3.4755602,-1.4530661,-0.57459545,25.467394,1.9910443,0.33268213,-1.0673245,-0.602355,0.7388109,-0.44054374,-0.70839477,-0.16689505,-0.9367798,-0.30611035,-0.4457799,-0.28623113,0.4951981,-1.5508977
-1.2243992,0.9896744,1.2654899,0.32988003,-0.21281755,15.053319,0.61944336,-0.73545855,0.55045867,0.22508001,0.39668483,0.08188053,-0.8558812,-0.47314084,0.36716977,0.8571096,-1.4343425,0.32577804,0.8778884,0.95713055
0.34276873,-0.68170786,-1.7424877,1.5281457,-1.9445299,24.054901,-0.73793894,0.8645705,1.1587353,-0.67295355,-0.9046474,-0.55843115,0.46070772,0.9927447,-1.7357135,-1.3061092,0.62827706,-1.0709816,-0.5059546,1.112952
0.9052711,0.89040226,-0.24100779,-0.055428043,-2.0352008,30.976765,-0.5095434,0.6325984,-0.2560957,-0.911272,0.028532805,0.8945491,-0.6098186,-1.3039293,1.924731,-0.5363703,0.0547328,-0.23995471,1.4339074,-0.48782822
-0.058655072,-0.77796036,-0.33485276,1.2896044,-1.6788425,19.987106,1.8713259,0.48780787,-1.6274055,0.53984,-0.988794,0.3188498,1.5845972,-0.8859987,0.8332575,0.51883215,-0.630122,1.8326417,0.27050442,0.96540505
0.51426685,-0.5513387,-1.8527992,1.5971242,-2.0110002,25.613821,0.1686803,0.23197062,0.18860927,-0.73002696,-0.6062518,0.50755274,-0.516326,0.33517492,-2.1770003,-0.916804,0.6083914,-0.28758633,0.037663855,0.73533565
1.2297974,-0.04435782,0.0030990418,0.15669417,-1.9451635,34.670914,-0.868093,0.24825412,-0.2237303,-1.8742685,0.066048935,0.7106839,0.2715907,-0.38020244,-0.84531015,-1.2061958,0.6434982,-0.20745264,-1.621396,-0.2518846
-1.8619101,0.47992498,1.7071128,-1.0327455,0.4408877,23.7228,1.9427553,0.86627513,-0.8524526,0.3210089,-0.06388203,-0.07367985,0.59450287,-0.14980212,1.1002812,0.28688014,-0.22015695,0.48785475,1.0184509,-0.0908228
0.19121951,-0.57777643,-0.8783043,0.13121337,-2.1734781,35.076794,-0.57229716,0.61636263,0.114884935,-0.23497881,1.8120637,1.7611445,-1.0698378,-0.9949728,0.36964512,-0.11499668,1.8579239,-1.287766,-0.6621967,-0.72962815
-1.0025281,-0.3559193,1.4106841,-1.4708323,-0.6735219,29.188414,0.22524008,0.6931973,-0.29436818,0.38267332,-0.08394439,-0.03049241,0.047851145,-0.7941166,1.3721274,0.50267744,-0.1085475,-0.4012189,-0.352903,-0.58841395
3.0208063,-0.471471,-0.8594317,0.25348783,-2.1134129,27.649216,-0.72778976,1.0244905,-0.32307178,-0.2991873,0.58699065,-0.17897992,1.4680308,-0.08317541,-1.0392379,-0.049486127,0.8992339,-0.40802696,-1.3306625,2.4216735
-0.8025458,-0.29624915,3.029873,-1.1872871,0.25097692,21.173182,1.2418262,0.16167766,-1.5666176,-0.38216442,-0.061782803,-1.0210661,1.3375523,0.22883843,-0.08721002,1.8706582,-0.4794879,-0.514212,-0.38778624,-0.70838964
0.9569512,-0.9776653,-1.4998211,0.9243224,-1.107447,32.31241,-1.4531641,0.23064548,0.7104095,-0.6065619,0.7818783,1.057886,0.41067183,-0.2986399,-0.47249344,0.78165287,0.01669875,0.3066985,-2.0612824,0.25658453
0.66110086,-0.6837367,0.3127624,-0.0071566794,-1.6425531,27.609833,1.2232285,0.40748787,0.72180206,-0.6419492,-0.9374037,-0.22628284,1.0595315,-2.1821642,0.093344904,-1.1184887,0.4377837,-0.4933779,0.9475684,-0.75463307
0.41307718,-1.4058448,-0.82552797,1.1338702,-1.6992476,21.866722,-0.20060681,-0.44984624,0.7882994,-0.09368454,0.5261475,-0.7477492,0.33807415,-0.31308684,-1.7360145,2.5278265,-0.46435726,-0.72479707,0.1416733,2.2879825
0.797535,-1.1717945,-0.21875104,0.45314202,-1.3654068,30.408348,-0.14746955,0.37015042,1.0466949,-1.9857479,1.283123,-0.20456234,0.025320522,-0.84624606,-0.57233554,-0.6436659,0.12044568,0.4785343,-0.656464,-0.23334849
-1.3838357,-0.7552848,1.5696266,-1.7237251,-1.1865578,28.951826,1.065989,-0.3723982,-0.34859645,-1.2435689,-0.22242679,0.16887188,-0.32090312,-0.66466796,-1.8354799,0.5527169,0.3469744,-0.29579774,0.52988976,-1.1245911
0.74873704,-1.5134891,0.052663624,-1.1204625,-2.1350107,34.362694,0.10460845,0.15336905,0.82381845,-0.8355268,-1.4282379,0.6995981,0.4043108,-2.2775953,0.87427264,-0.7279285,-0.17958651,-1.05505,1.0282279,0.0871661
1.3661631,-0.4634615,-0.7950095,1.0415486,-2.4657311,33.131905,-0.09442008,1.24966,1.0463613,-0.1756538,0.62210006,0.61887825,-0.7826311,-0.9956548,-0.00883973,-0.10837201,2.3025844,-1.1235329,-0.68606615,-0.20371006
0.29480195,-1.3173513,0.20439069,1.3893728,-2.638592,32.651806,-1.1244687,0.0551675,1.4812636,-0.4994988,0.932014,1.3302076,-0.5181962,-1.8742703,-1.9462427,-0.3347365,0.78334117,-0.88280153,-0.5705261,-1.0142978
-0.0322749,1.0511341,-0.42994803,-0.5274562,-0.69632185,30.95128,-0.41450074,-1.3167616,0.80919266,1.8547666,0.36278582,-1.6339189,-1.6613865,-0.5281432,1.3586798,-0.42345902,0.484,-0.9377341,0.49727175,-0.12812206
0.09768926,-0.13093083,0.05257682,0.04699048,-0.945551,41.322426,-1.2634151,0.16422838,-0.55898273,-0.15461312,0.17726564,-0.40663892,-0.25288677,0.3163407,1.2575351,-2.2997417,0.4716972,-0.6193195,1.2713853,-1.9516114
0.29049653,-0.33098152,-0.083721496,-0.5111386,-1.6425664,18.527634,1.604724,-0.16239765,-0.809039,0.36416346,-1.0346397,-0.096912235,0.5780174,-0.7346344,0.40077233,1.2531029,-1.2623843,0.44010422,0.54852253,0.6603675
-0.4676475,-0.6864864,-0.76473296,1.314375,-2.933397,32.5313,-0.4388197,0.6956284,2.6396148,0.29744607,0.99348617,-0.63331205,0.0078342855,0.13059404,-0.58458984,0.6078228,0.9670467,0.7028174,-1.4707209,-0.12904735
-0.06714633,0.6207223,2.1596339,-1.3141296,-0.45735356,28.16479,-0.054340642,-0.7165038,-0.78755784,0.70114726,-0.60090864,0.2513536,-0.041743074,0.08094256,-1.6151776,0.8922712,-1.1018147,-0.4401468,3.0058362,-1.2333454
-0.45505217,0.33459103,-0.038628653,0.57822764,-2.3989553,35.544273,-0.9596181,0.921603,-0.7954082,-0.83430153,0.03170316,1.3964298,0.13819383,-0.2747183,1.1493794,-1.5579405,1.7662305,-0.2866294,0.5873962,0.6197265
0.6136491,0.8938378,-0.5960976,1.5847789,-1.337653,15.195611,1.859827,-0.20687042,-0.94059753,-1.0552176,-1.4137105,-0.2091986,1.9820583,0.6727561,0.035387866,1.6725056,-1.4326471,0.1475313,-0.0044624633,-0.43981606
-0.7249272,1.220477,-0.21171024,0.0066689653,-0.6869747,16.813387,0.8397774,-0.60076565,0.1134794,0.8223012,0.79975104,0.7064014,-0.8789366,-0.19322684,0.58753914,2.1690085,-1.1456534,0.76663566,0.43341985,-0.008079478
-1.3511894,-0.79531455,1.6529217,-1.7090861,-1.2918563,29.165123,1.2926657,-0.2676387,-0.31851074,-1.257864,-0.26853853,0.34669796,-0.52209556,-0.5194469,-2.0797923,0.6245492,0.2749884,-0.5659618,0.8487509,-1.1343162
-1.7194805,-0.6081816,0.47313014,-0.90379155,-1.337527,33.62386,-0.89475936,-0.5992736,0.35528097,3.0238094,1.0483947,-1.2124579,-1.4956441,-0.698216,2.0507221,-0.5762138,0.83944124,-0.6148927,0.7144852,0.84665537
0.80772203,-0.80878574,-0.61842763,0.7119021,-1.7685162,37.357166,-0.79940003,1.913898,1.2195187,0.7364609,0.16888517,0.89220166,0.30466574,-2.4471843,-1.548063,-0.15040942,0.29156962,-1.1686323,1.1076713,0.22089024
-0.690356,-0.5621162,0.05670309,-1.0327393,-0.08342362,29.048277,0.38610166,0.45057172,-0.9850954,-0.6662232,-0.18760021,-1.6646926,0.7676166,-0.18840605,-0.25219747,0.21232462,-0.7933455,-0.08180806,1.4119118,-0.524976
-1.0356257,-0.33522642,-0.8098114,1.2156061,-1.1937715,16.968191,1.5257145,-1.1563104,1.1874032,0.61955833,0.5975126,-1.5713786,-0.39636138,0.9625477,-1.8109576,1.3727429,-1.688003,0.8485654,-0.13316628,0.19246805
1.7554638,-0.9093827,-1.5700682,0.5936048,-1.9473926,30.096851,-0.85675716,1.3127517,0.16899659,0.5105483,1.1672736,1.0678502,1.0840672,-0.1743722,0.006252731,-0.22676925,0.8838112,0.58855486,-1.536701,1.6732708
-0.71321666,0.061688937,0.8287859,-1.52481,-1.1604115,30.224382,-0.06995407,0.64801,-0.83653736,-0.27940995,-0.99098516,0.08743434,1.4823047,-0.5524957,0.8504764,0.9149513,0.1957599,0.24373433,1.8223954,-1.2627143
-1.0586903,-0.6698062,1.8954078,-0.95012885,-1.0654277,26.803516,1.8600607,-0.86042595,-1.1295834,0.31998903,-0.79069066,0.97245634,-0.019436862,-0.5038324,0.047909867,0.124572255,-0.028420614,0.43536267,-0.7994639,-0.4801903
0.109175324,-0.31555048,-0.09401262,0.59014815,-1.3803211,30.827877,-0.7987271,0.35206446,0.058922958,-1.4980007,1.204343,0.10638135,-0.093189016,-1.3459876,-1.3234606,-0.36654505,0.06711751,0.7371996,-0.22808658,-0.19202083
0.28376502,-0.7142657,-0.43040276,-1.488533,-0.48493072,27.414568,0.523319,-0.46470702,1.266503,-0.6008142,1.3302794,0.42288536,-0.26990342,-1.0234184,-2.1825087,1.1225417,-0.52338564,-0.76299155,-0.26122522,0.44745398
0.2794256,-0.6974246,0.26355323,-0.8940334,-0.80326086,27.843721,0.2805502,-0.20427443,1.7342868,-0.8810241,1.9669839,0.46170214,-0.2812005,-0.71188074,-2.1124773,1.0739883,-0.8498923,-1.0343951,-0.26268998,0.58873075
-0.17442052,-0.74516726,-0.8389155,0.5155725,-3.2374191,35.207893,-1.0367465,0.9358586,1.1834222,-0.40109432,1.0153188,1.8706812,-0.93574375,-0.32782486,-0.030460939,-1.1733834,0.81817955,-0.38411185,-0.92941105,0.5779988
0.39003074,-1.1260839,0.94755685,-0.53072596,-2.4615693,37.88679,-0.7203517,0.34884328,-0.34816766,0.07745745,-1.338781,-0.3577626,-0.37499595,-0.8025041,0.5406811,-1.9743319,1.7102952,-0.07850027,-1.0219775,-1.5766255
0.20412135,2.1286376,-0.83972305,0.5302186,-0.5623787,14.916098,1.8116845,-2.2977316,0.26893798,1.6411171,0.6359457,-1.7017082,-1.7509617,-0.17955747,-1.0380403,-0.5925623,-1.5698336,2.4358687,-1.6988119,1.2474229
0.40560624,-0.081215814,-1.0765909,1.609794,-1.5636901,27.62084,-0.13440111,0.087859325,1.6717377,-0.46505144,1.7813648,1.029809,0.4171204,-0.70609355,-0.84629226,1.115793,0.13847119,0.640267,-0.17833124,0.089436226
2.0015402,-0.48328102,-1.1224608,0.9487624,-2.2210817,24.475235,0.7117834,-0.48654827,2.1384342,0.59022033,-0.8376572,0.768808,0.79150796,0.2991234,0.1748537,-0.051315103,0.36891207,0.43928832,-1.6853508,0.0786927
0.6528087,-1.418675,-0.24428093,0.08202918,-1.7991568,35.54659,-1.620592,2.25761,0.94249135,-0.7679076,1.172303,0.6057962,-0.7136626,-1.2855864,-0.8308669,0.3968579,1.5461161,-0.8390729,-0.46701118,0.28315297
-1.5525721,0.12021401,1.2940898,-0.54050744,-0.4879195,24.959648,2.2722836,-0.8814304,-1.3018659,-0.6044145,0.025413698,-0.57470036,0.09560403,-0.19515993,-1.9490054,1.2447972,-1.298138,-1.5231327,1.8231833,-1.0030409
1.2960875,0.05292229,-1.2837843,1.2331408,-2.0960732,27.29734,-0.24547158,0.19834842,1.3518461,-0.42097914,0.7727013,-0.36496174,0.20709488,0.5235384,-0.58040464,0.061294165,0.30888477,-0.61171657,-0.10927392,0.5729206
-0.99619734,-0.037612073,1.2640554,-1.3213762,-0.8140849,29.214853,0.5827959,0.37727097,0.19986592,0.42346862,0.4752583,0.59750956,0.05992719,-1.3648325,0.59591216,0.1945743,0.1496225,-0.0058848793,-0.043127302,-1.2984203
1.2123859,0.027760142,-0.54787356,-0.9561455,-1.8343474,34.180157,-0.5722282,-1.1581695,0.9203775,1.4972932,0.99259263,0.387523,0.007862499,-0.8443743,0.6431113,0.5131605,0.59910065,-1.6094332,-0.5520308,-0.76712835
-1.2454252,0.81860334,0.099139825,-0.6425065,-0.6679032,33.34602,-0.5714133,-1.1160463,0.59446126,2.019496,-0.49997094,-0.25852215,-1.6483889,-0.11164852,2.4627755,0.1935346,0.67503893,-0.3481615,0.48870477,-0.36123878
0.24662821,-0.5506975,-0.57363003,1.0795408,-1.3971078,18.965305,1.2044387,0.53298336,-1.4496083,0.57149506,-1.2502204,0.16467275,1.5961486,-0.8372764,2.619422,0.77397645,-0.9449999,1.8212929,-0.35828927,0.22710644
0.13056718,-0.24546586,-0.73269796,0.11458135,-0.1708956,35.182137,-0.51393944,1.6844206,-2.0725584,0.087839924,-1.2872107,-0.92984957,1.2522537,-1.6690463,1.4431332,0.22940204,1.3162564,-1.1852863,0.6963085,0.36573344
0.41326788,-0.5573634,0.48730522,-0.4076341,-0.9793366,36.312374,-0.5139531,1.4686093,-1.234927,-0.14562337,-1.1732047,0.31448892,-0.779466,-1.3644583,2.473151,-0.1849026,1.7812366,-0.1720095,1.3823023,-0.6839437
0.22096655,-0.25790912,-0.9966604,0.54206914,-0.7851975,12.785062,0.85444504,-0.66062754,-1.4613674,0.81643224,-1.7366184,0.5420597,-0.90215796,0.70847833,0.28903416,1.3123158,-1.2518544,0.77323794,-1.7124246,2.2185524
-0.1231465,1.2576327,-0.57216257,1.7158996,-0.29714796,11.825792,1.4752551,-1.0950414,0.3367333,0.50835484,0.56952083,-0.83697534,-0.9480416,0.966723,-0.8733164,0.36887047,-1.0243853,1.9765311,-1.5677451,1.9094412
0.37151822,-0.9674746,-0.11224206,-0.6179081,-2.6081643,25.059198,-0.014946095,0.27826688,-0.92768407,0.010203475,1.7017179,0.64513147,-0.37680683,-1.4645952,-2.8471887,0.602979,-0.3098977,-0.42732662,-0.53203505,-0.43935657
-0.643168,0.009848287,0.80674535,-0.11170125,-0.3038964,31.26087,-0.93980795,-1.1721435,-0.7901533,1.7743683,0.28288573,-1.261598,-2.2830245,-1.0547823,2.5722885,-1.2641245,-0.44725558,-0.7939299,0.024710072,-0.4493667
-0.54204595,1.6614126,-0.16253081,1.4487038,-1.2198727,17.248043,-0.064598694,-1.8675264,0.7918344,0.5178129,1.3679769,-0.8046726,-0.7187375,0.7066106,-0.5613151,0.40438375,-1.5566022,2.3351464,-0.9161984,1.5601908
-1.5918447,0.4218167,1.6632644,-1.3844441,0.34779653,23.115364,2.784671,0.86627316,-1.0814875,0.05879793,-1.1965462,-0.23152027,0.473876,-0.4972542,-0.51892346,0.15248314,-0.20336421,-0.022373492,1.3645734,0.12796308
0.4074565,1.3184963,-0.7302626,0.035073284,-2.533946,32.430332,-1.1213564,0.20777829,-1.3843957,-1.5683696,-0.74173754,0.2454489,0.4424578,-0.92194194,0.29181603,-1.5655816,0.62729657,0.12688029,0.21683832,0.23649673
0.20257948,-0.40439057,-0.34826648,0.17601696,0.014382872,34.90228,-0.5951637,1.5831282,-2.106518,0.14132239,-1.0489967,-0.81845737,1.24308,-1.6570964,1.4597955,0.4436176,1.3507403,-1.1279227,0.3938555,0.47612244
0.13164744,-0.823575,2.4739609,-1.6248281,-0.73821014,29.23324,0.1217196,0.2864534,-0.4907152,-0.26161194,-0.23005144,2.0202138,0.9024524,-0.8504334,-0.8369289,-0.44501084,0.3499865,-0.6218258,1.7093875,-1.1904672
-0.07375518,-0.84251505,-0.7348117,1.6506923,-2.6114085,32.311687,-1.2408324,1.0473554,2.288801,0.2323459,1.2806458,0.039016627,0.087065056,-0.4478123,-1.0211402,-0.4220152,1.014485,0.6863896,-0.19031048,0.34794345
-0.5002395,0.048869558,1.7992553,-0.5900199,-0.28458259,28.022274,0.6659054,-0.97622216,-0.49157938,0.35532087,-0.38026893,-0.19847798,0.4720486,0.18821794,-2.3112133,0.7621058,-1.2497171,-1.1712093,1.7267473,-1.7759143
1.0762924,-0.040691543,0.7587494,-0.78222245,-1.0834322,36.737984,-1.1273166,1.1429085,-0.56636184,0.18919092,-1.0428265,0.5402187,-0.14343117,-1.2214711,-0.19922525,-0.0358548,1.2467492,-0.8008807,0.4538283,-0.7773847
0.28196284,0.94073683,-0.7999925,1.3215677,-0.9322489,14.729989,1.1425617,-1.022752,0.5111547,0.018323427,1.1217103,-0.6449554,-0.6248457,1.4238473,-0.6862209,-0.3883258,-1.2312053,2.1222277,-1.3970095,1.7130549
-0.6405692,-0.7189517,1.070811,-0.14698002,-0.749141,30.006613,-0.2598479,-0.9133209,-0.87195355,1.0523325,-0.31128398,-1.2588042,-2.0574024,-0.94269246,1.4767228,-1.1537,-0.46283486,-1.1660225,-0.89038855,-1.1618085
0.10769618,-0.55043703,-0.45956203,-1.3915801,-0.5285787,27.569555,0.5507858,-0.525421,1.1658059,-0.55369127,1.3956338,0.41475758,-0.19360296,-1.01606,-2.356893,1.0119712,-0.50649804,-0.8273457,-0.3507193,0.5655147
0.363085,1.7000935,-1.3155055,0.89063174,-0.62386113,15.043172,1.3842785,-2.464623,-0.10960007,1.7703054,1.2588398,-1.9191242,-1.7441033,0.4161916,-1.1508566,-0.723216,-1.7265055,2.794124,-1.4507288,1.19138
-0.5948634,0.24210194,-0.8564145,0.29179713,-1.6146264,15.446838,1.6564617,-1.5631115,0.40337017,0.44479,0.90805244,-1.1025065,-0.5057372,1.2531863,-1.9332118,1.095716,-1.4369761,0.9051081,-0.5539399,1.7197578
1.8897933,-0.9676112,-0.51947254,-0.5986112,-1.1313847,29.503256,-0.68536156,1.9676043,1.2272708,-0.3462588,-0.6464845,0.63786167,1.0230147,-1.1542274,-1.269274,-0.017422091,-0.31639698,-0.55767787,-0.84194374,-0.77032965
-0.3210735,0.19900031,-1.0389735,1.4297508,-0.016180607,16.572964,1.6406456,-1.1233175,0.045429572,0.2841607,0.24829233,-0.7294278,0.33538836,-0.7246612,0.012400019,0.22808027,-1.2753333,1.034133,0.7247691,0.4860856
-1.5407175,0.26264578,1.1945239,-2.2560837,-0.6260465,28.8797,-0.18359211,-0.8358924,-0.9427611,-0.95131695,-0.30335692,-0.37479347,-0.7752427,-0.86122614,-0.6660082,0.5577283,0.16232952,-1.0281883,-0.41727984,-0.8503699
-0.077201,-0.09393744,1.7651722,-0.76872915,-0.2533126,28.297953,0.43427384,-1.1069762,0.34295171,1.3930476,-0.5029504,-0.99776536,-1.2638035,-0.077403,-0.14683193,0.6128025,0.71573305,-1.2000386,-0.24809894,-0.9134141
0.85665417,0.33379686,-0.75667447,-0.49900687,-1.4429798,32.379257,-0.9289846,1.3420774,-0.3327285,-1.0837085,-0.46495152,0.16217364,0.033686,-1.1918281,0.15371267,1.02629,0.65395486,-0.5896932,0.028797971,-0.29273582
1.2057908,1.052915,-0.8998983,-1.340873,-1.6857013,33.917313,-0.7848146,-1.1127906,0.9859081,1.5078039,0.70356375,0.9172327,0.043203693,-1.3786108,0.92604464,0.8793685,0.6709765,-1.6007394,-0.8691492,-1.4771063
-0.71640813,0.22282642,1.0343015,-1.4203141,-0.24019693,30.103168,-0.012085268,-1.8600678,0.07682833,3.542577,-0.074544035,-1.1797173,-1.5618149,0.07448142,-1.0089315,-1.1697545,0.35248917,0.24026226,0.9915866,-0.03634699
0.35167855,-1.1300606,-1.4459463,1.8897219,-2.2702239,26.464682,-1.0074886,0.56542724,-0.1718617,0.13602719,-1.6030864,0.89963317,-0.4104072,0.20868343,-1.2554133,-1.0040214,1.0019815,1.2703518,-0.27396005,1.8658261
-1.1782867,0.68650615,-0.4021513,0.3144539,-1.4081395,16.68889,0.07204108,-1.6379428,-0.09480487,-0.32827434,0.79161,-0.8635219,0.4953666,0.004073048,-0.59877825,0.6877628,-1.6812941,0.8224731,0.49557576,0.29495263
-0.9191396,0.87007153,1.5881096,-1.6026951,-0.20966855,26.207966,0.7220565,-0.15938212,-0.2777597,-0.17624207,-0.44122902,0.6627225,-0.05461299,-0.016752576,-1.1871449,-0.19612628,-0.36974382,-0.96507925,0.9183547,-1.7096248
-0.79132724,-0.4658318,0.7206996,-1.4700248,-0.6367761,30.113268,-0.459489,1.0113616,-0.97043675,-0.39726955,-0.48934612,-0.24156615,1.4028628,-0.5297561,1.1067965,1.0747162,-0.16539595,0.50766945,1.9000028,-1.6248999
-0.69435614,0.3580932,-0.30866665,-0.22352065,-1.5140853,23.46088,0.41746232,1.5224317,0.71395046,0.25484627,1.3545945,0.0726334,-0.5727713,-1.0859486,-0.98179567,0.36033145,1.2888058,-0.45836952,-0.0060299067,-0.20599061
1.3494933,0.111274935,-0.95215297,1.7558124,-0.26509476,24.36176,0.34105515,-0.5261575,-0.2960606,0.28435954,1.1017368,-0.928089,0.6672348,1.1990501,1.9435823,0.8369535,0.802076,0.656343,-0.34941602,0.783593
-1.2694458,0.56904227,0.19029917,-0.34577945,-0.8838554,30.791546,-1.063315,-0.7951619,0.5245226,2.7562578,-0.5159237,-0.9667844,-1.5507437,-0.5524223,1.949942,-0.05650796,1.0676665,0.046456747,0.06704673,-0.090280324
-1.3886855,0.07923438,0.16441835,-0.8507869,-1.1120659,32.18771,-0.44078225,-1.4794208,0.31100386,2.2686617,0.31463584,-0.404561,-1.5413759,-0.72798514,2.3805447,0.18697886,0.5598315,-0.114847794,0.770233,0.03623405
0.043923885,-1.2372383,0.23889282,-1.0270603,-1.9379765,33.98101,-0.81883264,1.5514188,-0.55785,0.29853538,-1.1687262,1.2543639,0.36671543,-1.6729776,1.0541339,-0.8610117,0.1377746,-0.6760896,-0.47201365,-0.3206153
0.19103193,-0.36641544,-0.16448432,-0.3039852,-0.71275264,18.119501,1.7368606,0.4826466,-0.8490258,0.5338656,-1.1972558,-0.68525183,0.048020102,-0.02407749,-0.2073739,0.5916548,-1.2944423,0.886819,0.32570016,0.25235498
1.6897024,0.71414214,-0.52240074,0.62519467,-1.9696844,25.86507,0.72641563,-0.82976377,2.4498918,-0.24517362,-1.0755081,1.4787396,0.9462943,0.036958877,0.2067428,0.14352229,0.25856572,0.16265698,-1.8668958,0.13430017
-0.6189289,0.6128715,-0.6089524,0.2517417,-1.0795139,13.227549,2.9627397,-1.3988545,-0.30036873,-0.4338515,1.0639741,-1.4126868,-0.7918838,0.25478595,-1.5310802,0.48387474,-1.3947372,1.0320338,-0.2385439,2.1355882
1.0129511,0.36857447,-0.44081292,-0.14381517,-2.5544958,26.552982,-0.9840961,0.54052997,0.43382686,-0.46979663,-0.5332554,0.77694356,0.9318496,-1.0772443,-0.73150754,0.23798028,-0.16495354,0.45144197,-0.021528441,-0.8022434
1.9654945,-0.29620272,-0.9352283,1.6400384,-1.6655862,26.047802,-0.13227898,0.164033,1.7839059,-0.21207288,-0.07400299,-0.9076015,0.842149,0.2958806,2.0040202,-0.115187675,0.6237033,0.22963032,0.43189332,0.33122662
1.3331738,-1.8790772,-1.081477,-0.26945972,-1.8166457,35.14268,-0.9061611,0.62308145,1.3502598,-0.40377644,0.5552573,0.33476552,-0.46602097,-1.335783,-1.213034,0.08402168,0.3731264,0.23083284,2.9777188,-1.003377
-0.7577189,1.0583307,1.1051239,-1.4552649,-0.76024824,25.095474,0.37146777,1.2206494,-1.143374,-2.1640522,2.0206735,-0.40056434,1.4693741,-0.50312686,-0.5445252,0.5576132,-1.0404943,1.8058984,0.041426394,-1.6380064
-1.8496553,-0.35926867,1.6924806,-1.5150504,-0.314399,25.456446,-0.06861968,0.90511286,-0.7569962,0.22570011,0.36866018,1.02261,-0.7659504,-1.6282135,-0.3750419,-0.92040825,0.1605298,-0.95676273,-0.013745653,-0.037453707
-0.06299481,0.916962,-0.071241505,0.90505695,-1.0365729,15.139497,0.7710546,-0.95809615,-0.46548262,0.09965359,-0.7301934,-1.2673663,0.61943424,-0.005170528,0.564389,0.005581798,-1.0203115,1.2566078,0.32013923,1.3580328
-0.84238803,0.16709636,1.3383925,-1.9029096,-0.22103888,21.832346,0.8901506,-0.14297979,-1.155575,-0.97707206,1.1197363,-0.83711827,-0.16295981,-0.46047303,-1.1575502,2.0437312,-0.4213845,0.76144606,-0.027036788,-0.88860196
1.7596132,1.3639333,-1.4965248,1.6707042,-1.9458787,28.358034,-1.1479768,0.30574718,1.3087615,0.49951804,0.16936402,1.3270692,-0.02630151,0.38099983,-0.16227174,0.14873664,0.00902888,-0.5392002,-0.23623255,0.21424177
-1.8276819,0.19104421,1.0318998,-1.311117,0.4412842,23.974136,0.7812993,1.6875777,-0.94243073,0.27119574,-0.6930301,1.3313595,-0.77073246,0.379392,0.72592777,0.9539974,-0.28136656,0.9242098,0.652651,-1.3099735
0.3135489,-0.6778458,-1.7539223,1.9677213,-1.975369,23.641624,-0.85878956,0.74007696,1.0791935,-0.6900066,-0.87100226,-0.65913075,0.24508652,0.9553975,-1.7726558,-1.1239485,0.64998263,-1.05427,-0.15370359,1.690282
-0.25778717,1.7368863,0.19765915,1.1202763,0.3574131,12.2344885,1.8039165,-1.7502537,0.6195793,1.2451804,1.199668,-0.387315,-1.1271807,0.40860716,-0.8790936,2.9861312,-1.7139697,1.6295689,-0.7003181,1.1404475
-1.4418241,0.3244519,0.2968967,-0.6353671,-1.307761,31.814793,-0.2652133,-0.81502,-0.55266845,3.2103906,0.9058789,-1.9028908,-1.7150763,-1.251256,1.3668252,-1.3158251,0.15746933,-0.62008446,0.27611396,0.68472064
-0.98778754,-0.56633496,0.23805532,-0.26136824,-0.7747379,30.991608,0.0014927139,-0.841612,-0.2573867,1.4356916,0.5581077,0.47937712,-1.9252777,-0.3942534,0.48868012,-0.2340061,0.7965674,-0.6666419,0.39426112,-0.3052079
2.2252262,0.49977154,-1.5795122,0.26702845,-1.2573409,34.662933,-0.85955906,0.41888532,1.4312029,-0.10893063,0.9226555,1.4857386,-0.17221354,-1.4845426,-0.5198559,-1.0251517,1.7171881,-0.515118,-0.8700238,0.7271373
0.023128808,1.0952123,0.58793855,0.03088833,-0.9546983,13.574315,0.4843886,-0.6008917,0.80177563,-0.31544828,-0.035457198,-0.27165267,0.33808,1.8835816,-0.9825694,0.8372659,-1.2152319,1.0401318,0.8117993,-0.043258067
0.41037732,0.47173482,-0.2433606,0.77452844,-1.644667,29.188158,-1.5763323,0.70380646,0.092605606,-1.8330004,-0.21174052,1.1673822,-0.889086,-0.62064976,-0.4622209,-0.38318607,-0.050266206,0.6195347,-0.06780047,0.1284924
0.5176734,-1.0211654,0.88426113,-0.24335891,-2.7018104,38.02117,-0.5512896,0.42465422,-0.70680684,-0.14712359,-1.5647013,-0.2860923,0.32202065,-0.2536241,0.80338115,-1.6478602,1.1868408,-0.05705495,-1.2249794,-1.3734823
1.4812921,-0.3813811,-0.32985327,0.5274902,-1.5381722,37.077644,-0.731268,-0.5045434,-1.6988404,1.176711,-1.1587511,-0.313503,0.52298766,-1.2536994,-0.2680306,-0.9512678,0.3848177,-0.5485665,-0.050522305,-0.44937393
1.606738,-0.03918672,-0.28877434,0.121980116,-2.1972911,28.70387,-0.74619126,0.1708241,-0.24026887,-0.94549924,0.076098695,1.4004493,0.34084913,-2.1012437,-0.75957584,0.13885498,-0.5829869,-0.86313903,-0.4144334,0.27917922
0.1966189,-1.3399413,-0.9589911,1.3851836,-1.2400637,23.248976,0.5051924,-0.10423538,0.6323824,-0.20360154,0.31156173,-0.761216,0.7061202,-1.0275075,-1.8645335,3.42683,-0.17261218,-0.64675754,-0.056106918,1.2332674
-1.4334096,-0.3392585,1.362518,-0.93297607,-0.81482506,27.035152,-0.019370995,-0.0902777,-1.4069947,1.111104,-0.85043955,1.1539468,0.45852232,-2.1749861,0.32703486,-1.8347806,-0.42910042,-0.6959828,1.3932806,-1.1310395
-0.26942992,-0.52766675,0.022390181,-0.6291183,-2.1781497,32.19232,-0.41800255,1.1017622,-0.9665062,0.076050654,0.039469827,2.0013087,-0.2898572,-0.3760147,1.5317084,-0.45480555,0.767757,0.998848,0.283135,0.17769475
-0.27453497,0.14213549,-0.41266832,0.05647794,-0.24816956,14.303031,1.2529626,-1.3791932,-0.19475634,0.3824261,1.1499759,-0.77696896,-0.56200796,-1.0970062,-0.12968796,1.292383,-1.6622655,0.9516899,-0.6110629,0.4279708
-0.4588616,0.28718865,0.12498692,-0.13911448,-0.6267817,29.598576,-1.0394186,-0.30506223,0.8213049,2.2974565,-0.27762085,-1.9534305,-2.0475714,-0.021324571,-0.5201464,-2.024441,0.768572,-0.3374825,-0.33832765,0.16826682
2.212154,-0.55999845,-1.2359391,1.6209316,-1.9290951,25.971502,-0.32969925,0.090116344,1.4680824,-0.08552118,0.14842223,-0.8733142,1.1769978,0.43026268,1.8342036,0.51467645,0.76936316,-0.55784994,0.063454255,0.46213746
-1.4735224,0.16796094,0.2110632,-0.8335853,-1.1034347,32.280533,-0.49892062,-1.45416,0.28317833,2.1503344,0.38619027,-0.39372224,-1.5210524,-0.769344,2.2407434,0.0713858,0.6389684,-0.26975304,0.85633594,0.05763176
-0.36533946,2.323689,-0.01589871,0.997809,-1.0983812,17.443642,-0.21111687,-1.8950762,0.91789824,0.6019852,2.001447,-0.69104356,-0.7770328,0.1597465,-0.65962464,0.9662892,-1.6100283,2.572414,-0.2692513,1.3549694
-0.33136383,2.1855943,0.3099734,0.85466707,0.05209329,12.516424,1.8280209,-1.7299957,1.0639416,0.8511601,0.17618944,-1.0721102,-0.9221147,0.836592,-0.5672045,3.5567963,-1.6989675,1.418663,-0.9272964,1.1072547
0.30810642,-1.3017123,-0.07761865,0.36321145,-2.2881894,35.76509,-0.75083804,0.38599062,1.8847677,0.15795213,2.0419912,-0.0895243,-1.2820851,-1.9702115,-0.31791964,0.7856074,0.827406,-1.3856802,-1.4290171,-0.3934052
2.0609763,0.20057404,-1.289974,0.35093352,-1.5111656,34.393993,-0.68255436,0.42652848,1.6203759,-0.6861161,0.45037195,1.4360597,0.5376415,-1.3079208,-0.26887986,-1.0822946,1.4609714,-0.97297037,-0.5716206,0.6964355
0.35006738,2.034526,0.06934974,0.63654995,-1.0680817,11.292867,0.9629028,-0.5694685,0.5240861,0.27700892,0.43713424,-0.722379,0.45553005,1.4139341,-0.61763257,1.3550236,-1.1016802,1.4844432,-0.60894835,0.358108
0.2347058,0.4318933,-1.2330126,-0.13335027,-1.7657557,28.06258,-0.16089143,1.2724138,-0.39611974,0.0033724962,0.5678832,1.8689424,3.132255,-0.39090094,-1.1530364,-0.63404447,-0.60856336,-0.35192063,-0.048384406,0.8570617
0.66427857,-0.16425157,-0.85730344,-0.45118308,-2.2119262,27.663416,-0.7693839,1.2300488,0.39095643,-0.22865301,0.16584548,0.50732064,2.2654715,0.1452298,-1.385299,-0.9405352,-1.0709329,-0.45045736,-0.29636002,1.3739673
0.42738137,-0.7560198,-1.610509,0.93154347,-1.1018159,32.25065,-1.4795223,0.35878775,0.5334878,-0.36688608,1.0814674,1.418964,0.6597371,-0.2752508,-0.36486086,0.5688678,-0.114311144,0.3503591,-1.8999971,0.120297946
0.039050423,-0.8173863,-0.7612996,0.7199102,-2.5866203,37.114952,-0.71606714,0.10144975,1.0948915,-0.50789535,1.2138548,2.2337747,-1.3946986,-0.98766935,-0.15390393,-0.7972169,1.9827433,-1.4631995,-0.37578946,-0.49720106
-0.17851868,-0.43625173,-0.46839318,1.0757264,-3.0288198,33.50819,-0.36025235,0.68768656,2.5055478,-0.32885268,0.5062882,-0.81278735,0.36187178,0.11197378,0.33605033,0.8134323,1.0609398,0.0066056233,-1.1389697,0.14389434
-0.37566537,-1.0211895,1.7073474,-0.667434,-0.19737908,26.759142,0.5125698,0.28814805,-0.97564375,-0.8734893,-1.6235524,-0.22759227,0.21986914,-0.7428325,-1.7833116,0.33286706,-0.37566236,-0.5573875,0.5495832,-0.93138397
-0.106852524,-0.56376123,1.6537971,-0.6519519,-1.1346093,32.74785,1.7818056,-0.39094973,-0.51088804,-1.0196428,-1.9628556,0.41435754,1.3645747,-0.7883837,-1.3377979,-0.57564807,0.08500871,0.13629366,1.9260635,-1.5169652
1.297213,0.16520904,-0.40062183,-0.7746352,-1.9713187,27.611984,-0.8450761,-0.2042384,-0.7037549,-1.4247572,-1.0912015,-0.6453564,-0.3717553,-0.7243705,-0.55328685,0.17698082,-0.1868908,0.7921515,0.055025667,-0.532154
1.2635751,-0.1656981,-0.0681633,0.1486277,-1.9139041,34.75086,-0.87922716,0.36024675,-0.2002084,-1.9063244,0.032812238,0.7504651,0.43225744,-0.406156,-0.8133694,-1.2063131,0.71694225,-0.20025073,-1.6481276,-0.22407544
-1.6538547,0.0058292537,1.4160218,-2.2467864,-0.00256558,30.007872,-0.29684183,-0.978256,-1.2350168,-0.5737838,-0.8409926,0.046225872,-0.73150134,-0.65627444,-0.9288529,0.4789336,-0.1182091,-1.2473758,-0.5018154,-0.6783722
2.2450953,0.08008439,-1.5454433,1.953204,-2.1856768,29.16715,-1.3925467,-0.17845173,1.1503394,-0.8565539,1.3520876,-1.1314435,2.9879937,0.23539346,0.79881656,-0.39849523,0.3236321,0.15011393,-1.3987252,1.6025063
0.5717471,0.1406249,-0.80837464,-0.5102031,-2.3436399,28.049044,-1.0308189,1.0345733,0.8872032,-0.13536823,0.04678582,0.46367264,1.8937012,-0.18315537,-1.3360429,-0.7166489,-0.56068045,-0.4302262,-0.5327931,1.3235768
-0.8399198,0.39100564,0.89419955,-0.59545743,-0.82306516,30.305567,-0.59129643,-0.5701987,0.87545025,2.262638,0.47008964,-1.7555438,-1.6232831,-0.16623347,-0.3051242,-1.5899941,1.0533731,-0.5848411,-0.16528612,0.33129236
-0.2590269,0.030434338,-0.6611462,0.5559253,0.5275142,33.264347,-0.5298502,2.0303721,-1.2981836,-1.3761908,-1.0499481,-1.4709204,1.6750904,-1.6827043,3.1788242,2.1560192,1.4532727,-1.6185818,0.1611358,0.023859473
0.33097336,0.3513435,-0.16580172,-0.30769253,-1.8118713,27.670063,0.33751196,0.09739051,-0.10580467,-0.8403578,-0.0825642,0.6793035,-0.10377363,0.49711907,-1.5595504,0.4287575,-0.28687835,-1.0946444,-0.9035598,-1.3238144
-0.32315567,-0.60462856,-0.4662223,0.8065795,-2.0609174,33.171867,-1.0262512,2.5634296,1.2979556,-0.19797271,0.9846582,1.0228218,-1.1194732,-0.990938,-0.27805454,-1.0167831,1.759209,-0.9927773,-1.793304,-0.6483097
-0.9705738,0.022782419,-0.12340292,-0.79307294,-0.40879297,28.554623,-0.5346812,-0.89623487,0.050002832,1.5870943,0.18450497,0.7453767,-1.475573,-0.8869856,1.590006,0.3375369,1.059115,1.8057989,0.3719476,-0.3457053
-0.8555112,-0.138009,1.8856846,-0.51292276,-0.8028678,30.563782,0.3271608,-0.054243624,-0.6479553,-0.8025127,-1.9222344,0.061131615,0.76095176,-0.92254084,-0.32500815,-0.640647,0.69417965,0.033368852,1.5236439,-1.6296968
0.16445012,0.5616359,2.1536455,-1.3895891,-0.6404417,25.772598,0.51846987,-0.25487635,-0.93855995,0.47284234,-0.5805611,0.2572586,-0.062825404,-0.479942,-0.33999467,0.39316007,-0.7708579,-0.73885626,1.8150448,-1.6078478
-1.1299937,0.6257483,2.1751852,-1.6051756,0.6152611,21.82673,0.13535473,-0.42796996,-1.6925863,-1.2378404,-0.8961914,-0.71132284,-0.05437853,-1.9765586,-1.0778645,1.738147,-1.0758184,0.44485405,1.1222965,-0.3126329
0.5425422,-1.8417122,-0.0691816,-1.3696517,-0.96703476,30.91555,0.76002914,0.7223925,-1.1278094,-0.26796794,-0.2691633,-0.5067204,0.35274228,-1.5187644,1.0138698,-0.08629779,-0.35825494,-0.25249445,2.3660586,-1.4527522
-0.67537946,0.45583022,-0.031485926,0.4914612,-0.3429373,26.174046,-0.39878264,-1.823545,0.2745447,2.3735862,0.10403999,-1.9790806,-1.2989026,-0.8044496,1.132955,-0.5557475,0.70753443,0.16028675,0.87722045,1.2914339
